235
396
594
792
999
1089
1188
1485
1584
1782
1818
1980
1998
2079
2178
2277
2376
2439
2475
2772
2970
2997
3069
3168
3257
3267
3366
3564
3636
3861
3960
3996
4059
4158
4257
4356
4455
4545
4554
4653
4752
4878
4950
4995
5049
5148
5247
5346
5445
5454
5544
5643
5742
5841
5940
5994
6039
6138
6237
6336
6363
6514
6534
6633
6732
6831
6993
7029
7128
7227
7272
7317
7425
7524
7623
7722
7821
7912
7920
7992
8019
8118
8181
8217
8316
8415
8514
8712
8792
8910
8943
8991
8999
9090
9108
9207
9306
9504
9603
9702
9756
9771
9801
9900
9990
9999
10009
10098
10197
10296
10395
10494
10593
10692
10791
10890
10908
10989
11088
11187
11286
11385
11484
11583
11682
11817
11880
11979
11988
12078
12177
12195
12276
12375
12474
12573
12672
12726
12771
12857
12969
12987
13028
13068
13188
13266
13351
13365
13464
13563
13635
13662
13761
13860
13947
13959
13986
14058
14157
14256
14355
14454
14544
14553
14634
14652
14751
14850
14949
14985
15048
15147
15246
15345
15444
15453
15543
15642
15741
15824
15840
15939
15984
16038
16137
16236
16285
16335
16362
16434
16533
16632
16731
16830
16929
16983
17028
17073
17127
17226
17271
17325
17424
17523
17584
17622
17721
17820
17886
17982
17998
18117
18180
18216
18414
18432
18513
18612
18711
18909
18981
19008
19089
19107
19206
19305
19404
19503
19512
19542
19602
19701
19800
19899
19980
19998
