graph created
41 0 18446744073709551615 18446744073709551615 18446744073709551615 18446744073709551615 18446744073709551615 18446744073709551615 18446744073709551615 18446744073709551615 18446744073709551615 18446744073709551615 18446744073709551615 18446744073709551615 18446744073709551615 18446744073709551615 20 18446744073709551615 18446744073709551615 18446744073709551615 
41 0 18446744073709551615 18446744073709551615 18446744073709551615 18446744073709551615 18446744073709551615 18446744073709551615 18446744073709551615 18446744073709551615 18446744073709551615 18446744073709551615 18446744073709551615 18446744073709551615 18446744073709551615 18446744073709551615 20 18446744073709551615 18446744073709551615 48 
41 0 18446744073709551615 18446744073709551615 18446744073709551615 18446744073709551615 18446744073709551615 18446744073709551615 18446744073709551615 18446744073709551615 62 18446744073709551615 18446744073709551615 18446744073709551615 18446744073709551615 18446744073709551615 20 18446744073709551615 18446744073709551615 48 
41 0 18446744073709551615 18446744073709551615 18446744073709551615 18446744073709551615 18446744073709551615 18446744073709551615 18446744073709551615 18446744073709551615 62 59 18446744073709551615 18446744073709551615 18446744073709551615 18446744073709551615 20 18446744073709551615 18446744073709551615 48 
41 0 18446744073709551615 18446744073709551615 18446744073709551615 18446744073709551615 18446744073709551615 18446744073709551615 18446744073709551615 18446744073709551615 62 59 18446744073709551615 18446744073709551615 49 18446744073709551615 20 18446744073709551615 18446744073709551615 48 
41 0 18446744073709551615 2 18446744073709551615 18446744073709551615 18446744073709551615 18446744073709551615 18446744073709551615 18446744073709551615 62 59 18446744073709551615 18446744073709551615 49 18446744073709551615 20 18446744073709551615 18446744073709551615 48 
41 0 18446744073709551615 2 20 18446744073709551615 18446744073709551615 18446744073709551615 18446744073709551615 18446744073709551615 62 59 18446744073709551615 18446744073709551615 49 18446744073709551615 20 18446744073709551615 18446744073709551615 48 
41 0 18446744073709551615 2 20 18446744073709551615 18446744073709551615 18446744073709551615 18446744073709551615 18446744073709551615 62 59 18446744073709551615 18446744073709551615 24 18446744073709551615 20 18446744073709551615 18446744073709551615 48 
41 0 18446744073709551615 2 20 18446744073709551615 18446744073709551615 18446744073709551615 18446744073709551615 18446744073709551615 62 59 18446744073709551615 18446744073709551615 24 28 20 18446744073709551615 18446744073709551615 48 
41 0 13 2 20 18446744073709551615 6 18446744073709551615 18446744073709551615 18446744073709551615 62 59 18446744073709551615 18446744073709551615 24 28 20 18446744073709551615 18446744073709551615 48 
41 0 13 2 20 18446744073709551615 6 18446744073709551615 18446744073709551615 37 62 59 18446744073709551615 18446744073709551615 24 28 20 18446744073709551615 18446744073709551615 48 
41 0 13 2 20 18446744073709551615 6 18446744073709551615 18446744073709551615 37 62 59 18446744073709551615 18446744073709551615 21 28 20 18446744073709551615 18446744073709551615 48 
41 0 13 2 20 18446744073709551615 6 18446744073709551615 18446744073709551615 37 62 59 18446744073709551615 18446744073709551615 21 28 20 18446744073709551615 18446744073709551615 48 
41 0 13 2 20 18446744073709551615 6 18446744073709551615 18446744073709551615 37 62 59 18446744073709551615 18446744073709551615 21 28 20 18446744073709551615 18446744073709551615 48 
41 0 13 2 20 18446744073709551615 6 18446744073709551615 18446744073709551615 37 62 59 18446744073709551615 18446744073709551615 21 28 20 18446744073709551615 41 48 
41 0 13 2 20 18446744073709551615 6 18446744073709551615 18446744073709551615 37 62 59 18446744073709551615 21 21 28 20 18446744073709551615 41 48 
41 0 13 2 20 18446744073709551615 6 18446744073709551615 18446744073709551615 37 62 59 18446744073709551615 21 4 28 20 18446744073709551615 41 48 
41 0 13 2 20 18446744073709551615 6 18446744073709551615 18446744073709551615 9 62 59 18446744073709551615 21 4 28 20 18446744073709551615 41 48 
41 0 13 2 20 18446744073709551615 6 18446744073709551615 28 9 62 59 18446744073709551615 21 4 28 20 18446744073709551615 41 48 
41 0 13 2 13 18446744073709551615 6 18446744073709551615 28 9 62 59 18446744073709551615 21 4 28 20 18446744073709551615 41 48 
41 0 13 2 13 45 6 18446744073709551615 28 9 62 59 18446744073709551615 21 4 28 20 18446744073709551615 41 48 
41 0 13 2 13 45 6 18446744073709551615 28 9 48 59 18446744073709551615 21 4 28 20 18446744073709551615 41 48 
41 0 13 2 13 45 6 61 28 9 48 59 18446744073709551615 21 4 28 20 18446744073709551615 41 48 
41 0 13 2 13 45 6 61 28 9 48 33 18446744073709551615 21 4 28 20 18446744073709551615 41 48 
41 0 13 2 13 45 6 61 28 9 48 33 18446744073709551615 21 4 28 20 18446744073709551615 28 48 
41 0 13 2 13 45 6 61 28 9 48 33 18446744073709551615 21 4 11 20 18446744073709551615 28 48 
41 0 13 2 13 45 6 51 28 9 48 33 18446744073709551615 21 4 11 20 18446744073709551615 28 48 
41 0 13 2 13 45 6 51 28 9 48 33 52 21 4 11 20 18446744073709551615 28 48 
41 0 13 2 13 45 6 19 28 9 48 33 52 21 4 11 20 18446744073709551615 28 48 
41 0 13 2 13 45 6 19 28 9 48 33 52 21 4 11 20 41 28 48 
41 0 13 2 13 45 6 19 28 9 34 33 52 21 4 11 20 41 28 48 
41 0 13 2 13 45 6 19 28 9 34 33 52 21 4 11 20 41 28 48 
41 0 13 2 13 45 6 19 28 9 34 11 52 21 4 11 20 41 28 48 
41 0 13 2 13 45 6 19 28 9 34 11 52 21 4 11 20 18 28 48 
41 0 13 2 13 45 6 19 28 9 34 11 52 21 4 11 20 18 28 48 
41 0 13 2 13 45 6 19 28 9 34 11 31 21 4 11 20 18 28 48 
41 0 13 2 13 45 6 19 28 9 34 11 31 21 4 11 20 18 28 48 
41 0 13 2 13 45 6 19 28 9 34 11 31 21 4 11 20 18 28 39 
41 0 13 2 13 45 6 19 28 9 34 11 31 21 4 11 20 18 28 39 
41 0 13 2 13 45 6 19 28 9 34 11 31 21 4 11 20 18 28 39 
41 0 13 2 13 45 6 19 28 9 34 11 31 21 4 11 20 18 28 39 
41 0 13 2 13 45 6 19 28 9 34 11 31 21 4 11 20 18 28 39 
29 0 13 2 13 45 6 19 28 9 34 11 31 21 4 11 20 18 28 39 
12 0 13 2 13 45 6 19 28 9 34 11 31 21 4 11 20 18 28 39 
12 0 13 2 13 45 6 19 28 9 34 11 31 21 4 11 20 18 28 39 
12 0 13 2 13 45 6 19 28 9 34 11 31 21 4 11 20 18 28 39 
12 0 13 2 13 45 6 19 28 9 34 11 31 21 4 11 20 18 28 39 
12 0 13 2 13 45 6 19 28 9 34 11 31 21 4 11 20 18 28 39 
12 0 13 2 13 45 6 19 28 9 34 11 31 21 4 11 20 18 28 39 
12 0 13 2 13 45 6 19 28 9 34 11 31 21 4 11 20 18 28 39 
12 0 12 2 13 45 6 19 28 9 34 11 31 21 4 11 20 18 28 39 
12 0 12 2 13 45 6 19 28 9 34 11 31 21 4 11 20 18 28 39 
12 0 12 2 13 45 6 19 28 9 34 11 31 21 4 11 20 18 28 39 
12 0 12 2 13 45 6 19 28 9 34 11 31 21 4 11 20 18 28 39 
12 0 12 2 13 45 6 19 28 9 34 11 31 21 4 11 20 18 28 39 
12 0 12 2 13 45 6 19 28 9 34 11 31 21 4 11 20 18 28 39 
12 0 12 2 13 45 6 19 28 9 34 11 31 21 4 11 20 18 28 39 
12 0 12 2 13 45 6 19 21 9 34 11 31 21 4 11 20 18 28 39 
12 0 12 2 13 45 6 19 21 9 34 11 31 21 4 11 20 18 28 39 
12 0 12 2 13 45 6 19 21 9 34 11 31 21 4 11 20 18 28 39 
12 0 12 2 13 37 6 19 21 9 34 11 31 21 4 11 20 18 28 39 
12 0 12 2 13 35 6 19 21 9 34 11 31 21 4 11 20 18 28 39 
12 0 12 2 13 35 6 19 21 9 34 11 31 21 4 11 20 18 28 39 
12 0 12 2 13 35 6 19 21 9 34 11 31 21 4 11 20 18 28 39 
12 0 12 2 13 35 6 19 21 9 34 11 31 21 4 11 20 18 28 39 
12 0 12 2 13 35 6 19 21 9 34 11 31 21 4 11 20 18 28 39 
12 0 12 2 13 35 6 19 21 9 34 11 20 21 4 11 20 18 28 39 
12 0 12 2 13 35 6 19 21 9 34 11 20 21 4 11 20 18 28 39 
12 0 12 2 13 35 6 19 21 9 34 11 20 21 4 11 20 18 28 39 
12 0 12 2 13 35 6 19 21 9 27 11 20 21 4 11 20 18 28 39 
12 0 12 2 13 35 6 19 21 9 27 11 20 21 4 11 20 18 28 39 
12 0 12 2 13 35 6 19 21 9 27 11 20 21 4 11 20 18 28 39 
12 0 12 2 13 35 6 19 21 9 27 11 20 21 4 11 20 18 28 39 
12 0 12 2 13 35 6 19 21 9 27 11 20 21 4 11 20 18 28 39 
12 0 12 2 13 35 6 19 21 9 27 11 20 21 4 11 20 18 28 39 
12 0 12 2 13 35 6 19 21 9 27 11 20 21 4 11 20 18 28 39 
12 0 12 2 13 35 6 19 21 9 27 11 20 21 4 11 20 18 28 39 
12 0 12 2 13 35 6 19 21 9 27 11 20 21 4 11 20 18 28 39 
12 0 12 2 13 35 6 19 21 9 27 11 20 21 4 11 20 18 28 39 
12 0 12 2 13 35 6 19 21 9 27 11 20 21 4 11 20 18 28 19 
12 0 12 2 13 35 6 19 21 9 27 11 20 21 4 11 20 18 28 19 
12 0 12 2 13 35 6 19 21 9 27 11 20 21 4 11 20 18 28 19 
12 0 12 2 13 35 6 19 21 9 27 11 20 21 4 11 20 18 28 19 
done computing20
0 12 
1 0 
2 12 
3 2 
4 13 
5 30 
6 6 
7 19 
8 21 
9 9 
10 27 
11 11 
12 20 
13 21 
14 4 
15 11 
16 20 
17 18 
18 28 
19 19 
