graph created
13 0 18446744073709551615 18446744073709551615 18446744073709551615 18446744073709551615 18446744073709551615 18446744073709551615 6 18446744073709551615 18446744073709551615 18446744073709551615 18446744073709551615 18446744073709551615 18446744073709551615 
13 0 39 18446744073709551615 18446744073709551615 18446744073709551615 18446744073709551615 18446744073709551615 6 18446744073709551615 18446744073709551615 18446744073709551615 18446744073709551615 18446744073709551615 18446744073709551615 
13 0 39 18446744073709551615 18446744073709551615 18446744073709551615 25 18446744073709551615 6 18446744073709551615 18446744073709551615 18446744073709551615 18446744073709551615 18446744073709551615 18446744073709551615 
13 0 39 18446744073709551615 18446744073709551615 18446744073709551615 25 18446744073709551615 6 18446744073709551615 18446744073709551615 29 18446744073709551615 18446744073709551615 18446744073709551615 
13 0 39 18446744073709551615 18446744073709551615 18446744073709551615 25 18446744073709551615 6 18446744073709551615 18446744073709551615 29 22 18446744073709551615 18446744073709551615 
13 0 39 18446744073709551615 18446744073709551615 21 25 18446744073709551615 6 18446744073709551615 18446744073709551615 29 22 18446744073709551615 18446744073709551615 
13 0 39 18446744073709551615 18446744073709551615 21 25 18446744073709551615 6 18446744073709551615 46 29 22 18446744073709551615 18446744073709551615 
13 0 39 18446744073709551615 18446744073709551615 21 25 18446744073709551615 6 18446744073709551615 46 29 22 18446744073709551615 18446744073709551615 
13 0 30 18446744073709551615 18446744073709551615 21 25 18446744073709551615 6 18446744073709551615 46 29 22 18446744073709551615 18446744073709551615 
13 0 30 18446744073709551615 18446744073709551615 21 25 18446744073709551615 6 18446744073709551615 46 29 22 18446744073709551615 54 
13 0 30 47 18446744073709551615 21 25 18446744073709551615 6 23 46 29 22 18446744073709551615 54 
13 0 30 47 18446744073709551615 21 25 18446744073709551615 6 23 46 29 22 18446744073709551615 54 
13 0 30 36 18446744073709551615 21 25 18446744073709551615 6 23 46 29 22 18446744073709551615 54 
13 0 30 36 32 21 25 18446744073709551615 6 23 46 29 22 18446744073709551615 54 
13 0 30 36 32 21 25 18446744073709551615 6 23 46 29 22 18446744073709551615 35 
13 0 30 36 32 21 25 18446744073709551615 6 23 46 29 22 18446744073709551615 35 
13 0 30 36 32 21 25 18446744073709551615 6 23 46 29 22 18446744073709551615 35 
13 0 30 36 32 21 25 18446744073709551615 6 23 46 29 22 18446744073709551615 35 
13 0 30 36 32 21 25 18446744073709551615 6 23 46 29 22 18446744073709551615 35 
13 0 30 36 32 21 25 18446744073709551615 6 23 46 29 22 18446744073709551615 35 
13 0 30 36 32 21 25 18446744073709551615 6 23 46 29 22 30 35 
13 0 30 36 32 21 25 51 6 23 46 29 22 30 35 
13 0 30 36 32 21 25 51 6 23 46 29 22 29 35 
13 0 30 36 32 21 25 51 6 23 46 29 22 29 35 
13 0 30 36 32 21 25 51 6 23 46 29 22 29 35 
13 0 30 36 32 21 25 51 6 23 46 29 22 29 35 
13 0 30 36 32 21 25 51 6 23 34 29 22 29 35 
13 0 30 36 32 21 25 51 6 23 34 29 22 29 35 
13 0 30 36 32 21 25 51 6 23 34 29 22 29 35 
13 0 30 36 32 21 25 51 6 23 34 29 22 29 35 
13 0 30 36 32 21 25 51 6 23 34 29 22 29 35 
13 0 30 36 32 21 25 51 6 23 34 29 22 29 35 
13 0 30 36 32 21 25 51 6 23 34 29 22 29 35 
13 0 30 36 32 21 25 51 6 23 34 29 22 29 35 
13 0 30 36 32 21 25 51 6 23 34 29 22 29 35 
13 0 30 36 32 21 25 51 6 23 34 29 22 29 35 
13 0 30 36 32 21 25 51 6 23 34 29 22 29 35 
13 0 30 36 32 21 25 51 6 23 34 29 22 29 35 
13 0 30 36 32 21 25 51 6 23 34 29 22 29 35 
13 0 30 36 32 21 25 51 6 23 34 29 22 29 35 
13 0 30 36 32 21 25 51 6 23 34 29 22 29 35 
13 0 30 36 32 21 25 51 6 23 34 29 22 29 35 
13 0 30 36 32 21 25 51 6 23 34 29 22 29 35 
13 0 30 36 32 21 25 51 6 23 34 29 22 29 35 
13 0 30 36 32 21 25 51 6 23 34 29 22 29 35 
13 0 30 36 32 21 25 51 6 23 34 29 22 29 35 
13 0 30 36 32 21 25 51 6 23 34 29 22 29 35 
13 0 30 36 32 21 25 51 6 23 34 29 22 29 35 
13 0 30 36 32 21 25 51 6 23 34 29 22 29 35 
13 0 30 36 32 21 25 51 6 23 34 29 22 29 35 
13 0 30 36 32 21 25 51 6 23 34 29 22 29 35 
13 0 30 36 32 21 25 51 6 23 34 29 22 29 35 
13 0 30 36 32 21 25 51 6 23 34 29 22 29 35 
13 0 30 36 32 21 25 51 6 23 34 29 22 29 35 
13 0 30 36 32 21 25 51 6 23 34 29 22 29 35 
13 0 30 36 32 21 25 51 6 23 34 29 22 29 35 
13 0 30 36 32 21 25 51 6 23 34 29 22 29 35 
13 0 30 36 32 21 25 51 6 23 34 29 22 29 35 
13 0 30 36 32 21 25 51 6 23 34 29 22 29 35 
13 0 30 36 32 21 25 51 6 23 34 29 22 29 35 
13 0 30 36 32 21 25 51 6 23 34 29 22 29 35 
13 0 30 36 32 21 25 51 6 23 34 29 22 29 35 
13 0 30 36 32 21 25 51 6 23 34 29 22 29 35 
13 0 30 36 32 21 25 51 6 23 34 29 22 29 35 
13 0 30 36 32 21 25 51 6 23 34 29 22 29 35 
13 0 30 36 32 21 25 51 6 23 34 29 22 29 35 
13 0 30 36 32 21 25 51 6 23 34 29 22 29 35 
13 0 30 36 32 21 25 51 6 23 34 29 22 29 35 
13 0 30 36 32 21 25 51 6 23 34 29 22 29 35 
13 0 30 36 32 21 25 51 6 23 34 29 22 29 35 
13 0 30 36 32 21 25 51 6 23 34 29 22 29 35 
13 0 30 36 32 21 25 51 6 23 34 29 22 29 35 
13 0 30 36 32 21 25 51 6 23 34 29 22 29 35 
13 0 30 36 32 21 25 51 6 23 34 29 22 29 35 
13 0 30 36 32 21 25 51 6 23 34 29 22 29 35 
13 0 30 36 32 21 25 51 6 23 34 29 22 29 35 
13 0 30 36 32 21 25 51 6 23 34 29 22 29 35 
13 0 30 36 32 21 25 51 6 23 34 29 22 29 35 
13 0 30 36 32 21 25 51 6 23 34 29 22 29 35 
13 0 30 36 32 21 25 51 6 23 34 29 22 29 35 
13 0 30 36 32 21 25 51 6 23 34 29 22 29 35 
13 0 30 36 32 21 25 51 6 23 34 29 22 29 35 
13 0 30 36 32 21 25 51 6 23 34 29 22 29 35 
13 0 30 36 32 21 25 51 6 23 34 29 22 29 35 
13 0 30 36 32 21 25 51 6 23 34 29 22 29 35 
13 0 30 36 32 21 25 51 6 23 34 29 22 29 35 
13 0 30 36 32 21 25 51 6 23 34 29 22 29 35 
13 0 30 36 32 21 25 51 6 23 34 29 22 29 35 
13 0 30 36 32 21 25 51 6 23 34 29 22 29 35 
13 0 30 36 32 21 25 51 6 23 34 29 22 29 35 
13 0 30 36 32 21 25 51 6 23 34 29 22 29 35 
13 0 30 36 32 21 25 51 6 23 34 29 22 29 35 
13 0 30 36 32 21 25 51 6 23 34 29 22 29 35 
13 0 30 36 32 21 25 51 6 23 34 29 22 29 35 
13 0 30 36 32 21 25 51 6 23 34 29 22 29 35 
13 0 30 36 32 21 25 51 6 23 34 29 22 29 35 
13 0 30 36 32 21 25 51 6 23 34 29 22 29 35 
13 0 30 36 32 21 25 51 6 23 34 29 22 29 35 
13 0 30 36 32 21 25 51 6 23 34 29 22 29 35 
13 0 30 36 32 21 25 51 6 23 34 29 22 29 35 
13 0 30 36 32 21 25 51 6 23 34 29 22 29 35 
13 0 30 36 32 21 25 51 6 23 34 29 22 29 35 
13 0 30 36 32 21 25 51 6 23 34 29 22 29 35 
13 0 30 36 32 21 25 51 6 23 34 29 22 29 35 
13 0 30 36 32 21 25 51 6 23 34 29 22 29 35 
13 0 30 36 32 21 25 51 6 23 34 29 22 29 35 
13 0 30 36 32 21 25 51 6 23 34 29 22 29 35 
13 0 30 36 32 21 25 51 6 23 34 29 22 29 35 
13 0 30 36 32 21 25 51 6 23 34 29 22 29 35 
13 0 30 36 32 21 25 51 6 23 34 29 22 29 35 
13 0 30 36 32 21 25 51 6 23 34 29 22 29 35 
13 0 30 36 32 21 25 51 6 23 34 29 22 29 35 
13 0 30 36 32 21 25 51 6 23 34 29 22 29 35 
13 0 30 36 32 21 25 51 6 23 34 29 22 29 35 
13 0 30 36 32 21 25 51 6 23 34 29 22 29 35 
13 0 30 36 32 21 25 51 6 23 34 29 22 29 35 
13 0 30 36 32 21 25 51 6 23 34 29 22 29 35 
13 0 30 36 32 21 25 51 6 23 34 29 22 29 35 
13 0 30 36 32 21 25 51 6 23 34 29 22 29 35 
13 0 30 36 32 21 25 51 6 23 34 29 22 29 35 
13 0 30 36 32 21 25 51 6 23 34 29 22 29 35 
13 0 30 36 32 21 25 51 6 23 34 29 22 29 35 
13 0 30 36 32 21 25 51 6 23 34 29 22 29 35 
13 0 30 36 32 21 25 51 6 23 34 29 22 29 35 
13 0 30 36 32 21 25 51 6 23 34 29 22 29 35 
13 0 30 36 32 21 25 51 6 23 34 29 22 29 35 
13 0 30 36 32 21 25 51 6 23 34 29 22 29 35 
13 0 30 36 32 21 25 51 6 23 34 29 22 29 35 
13 0 30 36 32 21 25 51 6 23 34 29 22 29 35 
13 0 30 36 32 21 25 51 6 23 34 29 22 29 35 
13 0 30 36 32 21 25 51 6 23 34 29 22 29 35 
13 0 30 36 32 21 25 51 6 23 34 29 22 29 35 
13 0 30 36 32 21 25 51 6 23 34 29 22 29 35 
13 0 30 36 32 21 25 51 6 23 34 29 22 29 35 
13 0 30 36 32 21 25 51 6 23 34 29 22 29 35 
13 0 30 36 32 21 25 51 6 23 34 29 22 29 35 
13 0 30 36 32 21 25 51 6 23 34 29 22 29 35 
13 0 30 36 32 21 25 51 6 23 34 29 22 29 35 
13 0 30 36 32 21 25 51 6 23 34 29 22 29 35 
13 0 30 36 32 21 25 51 6 23 34 29 22 29 35 
13 0 30 36 32 21 25 51 6 23 34 29 22 29 35 
13 0 30 36 32 21 25 51 6 23 34 29 22 29 35 
13 0 30 36 32 21 25 51 6 23 34 29 22 29 35 
13 0 30 36 32 21 25 51 6 23 34 29 22 29 35 
13 0 30 36 32 21 25 51 6 23 34 29 22 29 35 
13 0 30 36 32 21 25 51 6 23 34 29 22 29 35 
13 0 30 36 32 21 25 51 6 23 34 29 22 29 35 
13 0 30 36 32 21 25 51 6 23 34 29 22 29 35 
13 0 30 36 32 21 25 51 6 23 34 29 22 29 35 
13 0 30 36 32 21 25 51 6 23 34 29 22 29 35 
13 0 30 36 32 21 25 51 6 23 34 29 22 29 35 
13 0 30 36 32 21 25 51 6 23 34 29 22 29 35 
13 0 30 36 32 21 25 51 6 23 34 29 22 29 35 
13 0 30 36 32 21 25 51 6 23 34 29 22 29 35 
13 0 30 36 32 21 25 51 6 23 34 29 22 29 35 
13 0 30 36 32 21 25 51 6 23 34 29 22 29 35 
13 0 30 36 32 21 25 51 6 23 34 29 22 29 35 
13 0 30 36 32 21 25 51 6 23 34 29 22 29 35 
13 0 30 36 32 21 25 51 6 23 34 29 22 29 35 
13 0 30 36 32 21 25 51 6 23 34 29 22 29 35 
13 0 30 36 32 21 25 51 6 23 34 29 22 29 35 
13 0 30 36 32 21 25 51 6 23 34 29 22 29 35 
13 0 30 36 32 21 25 51 6 23 34 29 22 29 35 
13 0 30 36 32 21 25 51 6 23 34 29 22 29 35 
13 0 30 36 32 21 25 51 6 23 34 29 22 29 35 
13 0 30 36 32 21 25 51 6 23 34 29 22 29 35 
13 0 30 36 32 21 25 51 6 23 34 29 22 29 35 
13 0 30 36 32 21 25 51 6 23 34 29 22 29 35 
13 0 30 36 32 21 25 51 6 23 34 29 22 29 35 
13 0 30 36 32 21 25 51 6 23 34 29 22 29 35 
13 0 30 36 32 21 25 51 6 23 34 29 22 29 35 
13 0 30 36 32 21 25 51 6 23 34 29 22 29 35 
13 0 30 36 32 21 25 51 6 23 34 29 22 29 35 
13 0 30 36 32 21 25 51 6 23 34 29 22 29 35 
13 0 30 36 32 21 25 51 6 23 34 29 22 29 35 
13 0 30 36 32 21 25 51 6 23 34 29 22 29 35 
13 0 30 36 32 21 25 51 6 23 34 29 22 29 35 
13 0 30 36 32 21 25 51 6 23 34 29 22 29 35 
13 0 30 36 32 21 25 51 6 23 34 29 22 29 35 
13 0 30 36 32 21 25 51 6 23 34 29 22 29 35 
13 0 30 36 32 21 25 51 6 23 34 29 22 29 35 
13 0 30 36 32 21 25 51 6 23 34 29 22 29 35 
13 0 30 36 32 21 25 51 6 23 34 29 22 29 35 
13 0 30 36 32 21 25 51 6 23 34 29 22 29 35 
13 0 30 36 32 21 25 51 6 23 34 29 22 29 35 
13 0 30 36 32 21 25 51 6 23 34 29 22 29 35 
13 0 30 36 32 21 25 51 6 23 34 29 22 29 35 
13 0 30 36 32 21 25 51 6 23 34 29 22 29 35 
13 0 30 36 32 21 25 51 6 23 34 29 22 29 35 
13 0 30 36 32 21 25 51 6 23 34 29 22 29 35 
13 0 30 36 32 21 25 51 6 23 34 29 22 29 35 
13 0 30 36 32 21 25 51 6 23 34 29 22 29 35 
13 0 30 36 32 21 25 51 6 23 34 29 22 29 35 
13 0 30 36 32 21 25 51 6 23 34 29 22 29 35 
13 0 30 36 32 21 25 51 6 23 34 29 22 29 35 
13 0 30 36 32 21 25 51 6 23 34 29 22 29 35 
13 0 30 36 32 21 25 51 6 23 34 29 22 29 35 
13 0 30 36 32 21 25 51 6 23 34 29 22 29 35 
13 0 30 36 32 21 25 51 6 23 34 29 22 29 35 
13 0 30 36 32 21 25 51 6 23 34 29 22 29 35 
13 0 30 36 32 21 25 51 6 23 34 29 22 29 35 
13 0 30 36 32 21 25 51 6 23 34 29 22 29 35 
13 0 30 36 32 21 25 51 6 23 34 29 22 29 35 
13 0 30 36 32 21 25 51 6 23 34 29 22 29 35 
13 0 30 36 32 21 25 51 6 23 34 29 22 29 35 
13 0 30 36 32 21 25 51 6 23 34 29 22 29 35 
13 0 30 36 32 21 25 51 6 23 34 29 22 29 35 
13 0 30 36 32 21 25 51 6 23 34 29 22 29 35 
13 0 30 36 32 21 25 51 6 23 34 29 22 29 35 
13 0 30 36 32 21 25 51 6 23 34 29 22 29 35 
13 0 30 36 32 21 25 51 6 23 34 29 22 29 35 
13 0 30 36 32 21 25 51 6 23 34 29 22 29 35 
13 0 30 36 32 21 25 51 6 23 34 29 22 29 35 
13 0 30 36 32 21 25 51 6 23 34 29 22 29 35 
13 0 30 36 32 21 25 51 6 23 34 29 22 29 35 
13 0 30 36 32 21 25 51 6 23 34 29 22 29 35 
13 0 30 36 32 21 25 51 6 23 34 29 22 29 35 
13 0 30 36 32 21 25 51 6 23 34 29 22 29 35 
13 0 30 36 32 21 25 51 6 23 34 29 22 29 35 
13 0 30 36 32 21 25 51 6 23 34 29 22 29 35 
13 0 30 36 32 21 25 51 6 23 34 29 22 29 35 
13 0 30 36 32 21 25 51 6 23 34 29 22 29 35 
13 0 30 36 32 21 25 51 6 23 34 29 22 29 35 
13 0 30 36 32 21 25 51 6 23 34 29 22 29 35 
13 0 30 36 32 21 25 51 6 23 34 29 22 29 35 
13 0 30 36 32 21 25 51 6 23 34 29 22 29 35 
13 0 30 36 32 21 25 51 6 23 34 29 22 29 35 
13 0 30 36 32 21 25 51 6 23 34 29 22 29 35 
13 0 30 36 32 21 25 51 6 23 34 29 22 29 35 
13 0 30 36 32 21 25 51 6 23 34 29 22 29 35 
13 0 30 36 32 21 25 51 6 23 34 29 22 29 35 
13 0 30 36 32 21 25 51 6 23 34 29 22 29 35 
13 0 30 36 32 21 25 51 6 23 34 29 22 29 35 
13 0 30 36 32 21 25 51 6 23 34 29 22 29 35 
13 0 30 36 32 21 25 51 6 23 34 29 22 29 35 
13 0 30 36 32 21 25 51 6 23 34 29 22 29 35 
13 0 30 36 32 21 25 51 6 23 34 29 22 29 35 
13 0 30 36 32 21 25 51 6 23 34 29 22 29 35 
13 0 30 36 32 21 25 51 6 23 34 29 22 29 35 
13 0 30 36 32 21 25 51 6 23 34 29 22 29 35 
13 0 30 36 32 21 25 51 6 23 34 29 22 29 35 
13 0 30 36 32 21 25 51 6 23 34 29 22 29 35 
13 0 30 36 32 21 25 51 6 23 34 29 22 29 35 
13 0 30 36 32 21 25 51 6 23 34 29 22 29 35 
13 0 30 36 32 21 25 51 6 23 34 29 22 29 35 
13 0 30 36 32 21 25 51 6 23 34 29 22 29 35 
13 0 30 36 32 21 25 51 6 23 34 29 22 29 35 
13 0 30 36 32 21 25 51 6 23 34 29 22 29 35 
13 0 30 36 32 21 25 51 6 23 34 29 22 29 35 
13 0 30 36 32 21 25 51 6 23 34 29 22 29 35 
13 0 30 36 32 21 25 51 6 23 34 29 22 29 35 
13 0 30 36 32 21 25 51 6 23 34 29 22 29 35 
13 0 30 36 32 21 25 51 6 23 34 29 22 29 35 
13 0 30 36 32 21 25 51 6 23 34 29 22 29 35 
13 0 30 36 32 21 25 51 6 23 34 29 22 29 35 
13 0 30 36 32 21 25 51 6 23 34 29 22 29 35 
13 0 30 36 32 21 25 51 6 23 34 29 22 29 35 
13 0 30 36 32 21 25 51 6 23 34 29 22 29 35 
13 0 30 36 32 21 25 51 6 23 34 29 22 29 35 
13 0 30 36 32 21 25 51 6 23 34 29 22 29 35 
13 0 30 36 32 21 25 51 6 23 34 29 22 29 35 
13 0 30 36 32 21 25 51 6 23 34 29 22 29 35 
13 0 30 36 32 21 25 51 6 23 34 29 22 29 35 
13 0 30 36 32 21 25 51 6 23 34 29 22 29 35 
13 0 30 36 32 21 25 51 6 23 34 29 22 29 35 
13 0 30 36 32 21 25 51 6 23 34 29 22 29 35 
13 0 30 36 32 21 25 51 6 23 34 29 22 29 35 
13 0 30 36 32 21 25 51 6 23 34 29 22 29 35 
13 0 30 36 32 21 25 51 6 23 34 29 22 29 35 
13 0 30 36 32 21 25 51 6 23 34 29 22 29 35 
13 0 30 36 32 21 25 51 6 23 34 29 22 29 35 
13 0 30 36 32 21 25 51 6 23 34 29 22 29 35 
13 0 30 36 32 21 25 51 6 23 34 29 22 29 35 
13 0 30 36 32 21 25 51 6 23 34 29 22 29 35 
13 0 30 36 32 21 25 51 6 23 34 29 22 29 35 
13 0 30 36 32 21 25 51 6 23 34 29 22 29 35 
13 0 30 36 32 21 25 51 6 23 34 29 22 29 35 
13 0 30 36 32 21 25 51 6 23 34 29 22 29 35 
13 0 30 36 32 21 25 51 6 23 34 29 22 29 35 
13 0 30 36 32 21 25 51 6 23 34 29 22 29 35 
13 0 30 36 32 21 25 51 6 23 34 29 22 29 35 
13 0 30 36 32 21 25 51 6 23 34 29 22 29 35 
13 0 30 36 32 21 25 51 6 23 34 29 22 29 35 
13 0 30 36 32 21 25 51 6 23 34 29 22 29 35 
13 0 30 36 32 21 25 51 6 23 34 29 22 29 35 
13 0 30 36 32 21 25 51 6 23 34 29 22 29 35 
13 0 30 36 32 21 25 51 6 23 34 29 22 29 35 
13 0 30 36 32 21 25 51 6 23 34 29 22 29 35 
13 0 30 36 32 21 25 51 6 23 34 29 22 29 35 
13 0 30 36 32 21 25 51 6 23 34 29 22 29 35 
13 0 30 36 32 21 25 51 6 23 34 29 22 29 35 
13 0 30 36 32 21 25 51 6 23 34 29 22 29 35 
13 0 30 36 32 21 25 51 6 23 34 29 22 29 35 
13 0 30 36 32 21 25 51 6 23 34 29 22 29 35 
13 0 30 36 32 21 25 51 6 23 34 29 22 29 35 
13 0 30 36 32 21 25 51 6 23 34 29 22 29 35 
13 0 30 36 32 21 25 51 6 23 34 29 22 29 35 
13 0 30 36 32 21 25 51 6 23 34 29 22 29 35 
13 0 30 36 32 21 25 51 6 23 34 29 22 29 35 
13 0 30 36 32 21 25 51 6 23 34 29 22 29 35 
13 0 30 36 32 21 25 51 6 23 34 29 22 29 35 
13 0 30 36 32 21 25 51 6 23 34 29 22 29 35 
13 0 30 36 32 21 25 51 6 23 34 29 22 29 35 
13 0 30 36 32 21 25 51 6 23 34 29 22 29 35 
13 0 30 36 32 21 25 51 6 23 34 29 22 29 35 
13 0 30 36 32 21 25 51 6 23 34 29 22 29 35 
13 0 30 36 32 21 25 51 6 23 34 29 22 29 35 
13 0 30 36 32 21 25 51 6 23 34 29 22 29 35 
13 0 30 36 32 21 25 51 6 23 34 29 22 29 35 
13 0 30 36 32 21 25 51 6 23 34 29 22 29 35 
13 0 30 36 32 21 25 51 6 23 34 29 22 29 35 
13 0 30 36 32 21 25 51 6 23 34 29 22 29 35 
13 0 30 36 32 21 25 51 6 23 34 29 22 29 35 
13 0 30 36 32 21 25 51 6 23 34 29 22 29 35 
13 0 30 36 32 21 25 51 6 23 34 29 22 29 35 
13 0 30 36 32 21 25 51 6 23 34 29 22 29 35 
13 0 30 36 32 21 25 51 6 23 34 29 22 29 35 
13 0 30 36 32 21 25 51 6 23 34 29 22 29 35 
13 0 30 36 32 21 25 51 6 23 34 29 22 29 35 
13 0 30 36 32 21 25 51 6 23 34 29 22 29 35 
13 0 30 36 32 21 25 51 6 23 34 29 22 29 35 
13 0 30 36 32 21 25 51 6 23 34 29 22 29 35 
13 0 30 36 32 21 25 51 6 23 34 29 22 29 35 
13 0 30 36 32 21 25 51 6 23 34 29 22 29 35 
13 0 30 36 32 21 25 51 6 23 34 29 22 29 35 
13 0 30 36 32 21 25 51 6 23 34 29 22 29 35 
13 0 30 36 32 21 25 51 6 23 34 29 22 29 35 
13 0 30 36 32 21 25 51 6 23 34 29 22 29 35 
13 0 30 36 32 21 25 51 6 23 34 29 22 29 35 
13 0 30 36 32 21 25 51 6 23 34 29 22 29 35 
13 0 30 36 32 21 25 51 6 23 34 29 22 29 35 
13 0 30 36 32 21 25 51 6 23 34 29 22 29 35 
13 0 30 36 32 21 25 51 6 23 34 29 22 29 35 
13 0 30 36 32 21 25 51 6 23 34 29 22 29 35 
13 0 30 36 32 21 25 51 6 23 34 29 22 29 35 
13 0 30 36 32 21 25 51 6 23 34 29 22 29 35 
13 0 30 36 32 21 25 51 6 23 34 29 22 29 35 
13 0 30 36 32 21 25 51 6 23 34 29 22 29 35 
13 0 30 36 32 21 25 51 6 23 34 29 22 29 35 
13 0 30 36 32 21 25 51 6 23 34 29 22 29 35 
13 0 30 36 32 21 25 51 6 23 34 29 22 29 35 
13 0 30 36 32 21 25 51 6 23 34 29 22 29 35 
13 0 30 36 32 21 25 51 6 23 34 29 22 29 35 
13 0 30 36 32 21 25 51 6 23 34 29 22 29 35 
13 0 30 36 32 21 25 51 6 23 34 29 22 29 35 
13 0 30 36 32 21 25 51 6 23 34 29 22 29 35 
13 0 30 36 32 21 25 51 6 23 34 29 22 29 35 
13 0 30 36 32 21 25 51 6 23 34 29 22 29 35 
13 0 30 36 32 21 25 51 6 23 34 29 22 29 35 
13 0 30 36 32 21 25 51 6 23 34 29 22 29 35 
13 0 30 36 32 21 25 51 6 23 34 29 22 29 35 
13 0 30 36 32 21 25 51 6 23 34 29 22 29 35 
13 0 30 36 32 21 25 51 6 23 34 29 22 29 35 
13 0 30 36 32 21 25 51 6 23 34 29 22 29 35 
13 0 30 36 32 21 25 51 6 23 34 29 22 29 35 
13 0 30 36 32 21 25 51 6 23 34 29 22 29 35 
13 0 30 36 32 21 25 51 6 23 34 29 22 29 35 
13 0 30 36 32 21 25 51 6 23 34 29 22 29 35 
13 0 30 36 32 21 25 51 6 23 34 29 22 29 35 
13 0 30 36 32 21 25 51 6 23 34 29 22 29 35 
13 0 30 36 32 21 25 51 6 23 34 29 22 29 35 
13 0 30 36 32 21 25 51 6 23 34 29 22 29 35 
13 0 30 36 32 21 25 51 6 23 34 29 22 29 35 
13 0 30 36 32 21 25 51 6 23 34 29 22 29 35 
13 0 30 36 32 21 25 51 6 23 34 29 22 29 35 
13 0 30 36 32 21 25 51 6 23 34 29 22 29 35 
13 0 30 36 32 21 25 51 6 23 34 29 22 29 35 
13 0 30 36 32 21 25 51 6 23 34 29 22 29 35 
13 0 30 36 32 21 25 51 6 23 34 29 22 29 35 
13 0 30 36 32 21 25 51 6 23 34 29 22 29 35 
13 0 30 36 32 21 25 51 6 23 34 29 22 29 35 
13 0 30 36 32 21 25 51 6 23 34 29 22 29 35 
13 0 30 36 32 21 25 51 6 23 34 29 22 29 35 
13 0 30 36 32 21 25 51 6 23 34 29 22 29 35 
13 0 30 36 32 21 25 51 6 23 34 29 22 29 35 
13 0 30 36 32 21 25 51 6 23 34 29 22 29 35 
13 0 30 36 32 21 25 51 6 23 34 29 22 29 35 
13 0 30 36 32 21 25 51 6 23 34 29 22 29 35 
13 0 30 36 32 21 25 51 6 23 34 29 22 29 35 
13 0 30 36 32 21 25 51 6 23 34 29 22 29 35 
13 0 30 36 32 21 25 51 6 23 34 29 22 29 35 
13 0 30 36 32 21 25 51 6 23 34 29 22 29 35 
13 0 30 36 32 21 25 51 6 23 34 29 22 29 35 
13 0 30 36 32 21 25 51 6 23 34 29 22 29 35 
13 0 30 36 32 21 25 51 6 23 34 29 22 29 35 
13 0 30 36 32 21 25 51 6 23 34 29 22 29 35 
13 0 30 36 32 21 25 51 6 23 34 29 22 29 35 
13 0 30 36 32 21 25 51 6 23 34 29 22 29 35 
13 0 30 36 32 21 25 51 6 23 34 29 22 29 35 
13 0 30 36 32 21 25 51 6 23 34 29 22 29 35 
13 0 30 36 32 21 25 51 6 23 34 29 22 29 35 
13 0 30 36 32 21 25 51 6 23 34 29 22 29 35 
13 0 30 36 32 21 25 51 6 23 34 29 22 29 35 
13 0 30 36 32 21 25 51 6 23 34 29 22 29 35 
13 0 30 36 32 21 25 51 6 23 34 29 22 29 35 
13 0 30 36 32 21 25 51 6 23 34 29 22 29 35 
13 0 30 36 32 21 25 51 6 23 34 29 22 29 35 
13 0 30 36 32 21 25 51 6 23 34 29 22 29 35 
13 0 30 36 32 21 25 51 6 23 34 29 22 29 35 
13 0 30 36 32 21 25 51 6 23 34 29 22 29 35 
13 0 30 36 32 21 25 51 6 23 34 29 22 29 35 
13 0 30 36 32 21 25 51 6 23 34 29 22 29 35 
13 0 30 36 32 21 25 51 6 23 34 29 22 29 35 
13 0 30 36 32 21 25 51 6 23 34 29 22 29 35 
13 0 30 36 32 21 25 51 6 23 34 29 22 29 35 
13 0 30 36 32 21 25 51 6 23 34 29 22 29 35 
13 0 30 36 32 21 25 51 6 23 34 29 22 29 35 
done computing15
0 13 
1 0 
2 30 
3 36 
4 32 
5 21 
6 25 
7 51 
8 6 
9 23 
10 34 
11 29 
12 22 
13 29 
14 35 
