1
100 250
0 39 6 11 6 47 23 18 19 1 13 41 41 42 7 33 38 23 22 36 1 19 40 42 33 38 41 5 42 19 5 21 17 41 48 6 25 11 21 27 7 50 16 48 50 30 28 15 40 6 44 31 47 42 42 3 27 33 32 36 10 2 21 16 3 29 31 46 2 18 21 10 27 20 32 25 35 23 31 29 36 22 12 29 50 44 2 38 20 2 24 2 6 44 30 10 1 6 24 14
29 0 22 50 49 41 48 14 18 9 20 47 50 17 19 42 29 34 35 1 8 17 22 40 43 22 38 11 11 42 21 39 41 22 16 41 4 15 3 41 15 46 6 46 26 18 27 12 4 29 48 27 50 15 45 1 35 15 28 11 5 9 7 1 29 5 30 47 50 1 7 17 33 29 25 29 40 3 12 22 28 25 46 12 23 5 50 44 30 42 16 47 21 14 14 5 8 5 25 47
29 27 0 18 5 41 17 17 13 6 24 2 36 39 10 46 17 15 17 50 5 50 26 38 49 2 2 30 20 24 17 14 48 41 36 9 11 36 5 19 48 29 41 17 7 18 18 8 35 20 11 6 50 22 11 25 50 28 17 49 29 14 2 15 13 42 33 44 45 37 25 19 47 4 5 34 4 39 37 7 22 17 33 5 32 48 45 13 11 1 1 37 29 50 30 37 19 12 22 19
28 20 4 0 15 20 24 2 21 26 27 44 2 8 46 25 34 18 37 6 4 45 25 11 31 9 6 17 22 33 41 13 7 5 38 31 2 42 32 16 1 10 22 35 49 31 38 6 38 30 8 49 45 12 4 48 4 46 38 21 25 42 18 25 10 26 22 17 6 39 20 6 23 20 4 40 2 5 44 6 41 39 8 48 20 48 50 21 6 35 30 10 20 38 30 7 29 41 3 47
8 43 15 39 0 33 26 38 36 45 21 9 37 2 15 15 18 24 31 2 40 5 42 1 45 11 21 50 4 48 44 4 17 43 48 23 36 11 39 47 24 44 47 16 1 6 32 15 19 49 31 21 33 34 50 20 41 39 49 30 29 19 45 2 36 37 11 23 36 1 44 13 41 50 23 23 48 48 18 33 15 1 37 19 45 44 42 3 17 12 44 47 8 30 35 50 41 49 48 48
21 10 18 27 40 0 35 50 20 9 34 13 12 15 5 27 4 47 40 39 25 25 44 46 23 46 41 7 37 20 40 14 10 31 29 32 7 30 7 3 39 38 20 48 33 33 4 18 29 49 2 31 28 2 31 32 4 25 16 5 16 40 46 10 50 12 26 38 40 42 26 25 1 14 33 14 31 42 11 39 36 19 44 44 35 41 50 14 34 26 21 7 25 17 38 50 3 38 25 29
8 25 27 6 45 19 0 23 9 12 45 8 11 25 7 31 5 50 49 6 45 34 48 1 37 27 12 31 14 5 17 49 21 1 45 5 34 7 44 17 40 41 49 5 30 35 6 22 34 41 48 12 21 41 49 24 36 10 30 3 40 5 40 1 48 50 33 31 10 12 46 11 8 12 43 46 22 34 19 5 14 29 9 10 38 13 28 35 40 16 21 6 5 13 47 9 46 28 12 15
26 14 35 47 13 33 4 0 46 49 16 32 1 43 45 15 30 35 3 38 11 5 20 31 45 44 37 28 30 16 32 14 9 3 50 8 32 24 27 20 19 7 34 7 29 3 1 50 39 7 46 48 20 50 6 21 19 41 32 21 7 19 34 29 44 29 11 50 10 37 18 35 11 50 46 49 19 23 3 23 19 25 19 26 24 9 44 42 34 32 39 11 3 47 38 6 3 39 37 13
11 15 31 7 47 45 47 28 0 40 19 16 44 41 32 33 24 11 7 44 47 20 49 25 34 35 46 33 3 18 29 8 1 24 15 4 46 34 7 29 21 2 10 4 40 15 45 19 18 13 11 46 49 39 16 34 14 38 30 10 7 6 24 35 15 31 1 4 12 17 31 37 33 36 21 44 22 25 47 25 28 34 21 37 30 40 1 44 32 19 42 45 2 26 21 7 13 35 34 35
8 34 14 3 10 28 10 3 46 0 29 37 14 6 12 15 32 40 4 16 47 12 32 23 26 24 29 1 7 38 36 20 1 35 40 11 11 40 45 22 9 46 26 36 33 42 5 28 43 12 39 2 34 36 22 49 12 37 22 11 15 4 40 22 36 19 15 33 20 14 6 22 7 18 49 21 50 8 27 23 23 5 26 7 44 48 9 31 48 25 40 6 45 45 26 25 4 10 14 43
49 41 11 12 46 10 39 1 25 10 0 47 5 24 18 12 21 46 49 32 3 26 31 41 34 33 3 46 50 16 3 17 38 47 19 38 11 21 1 13 41 13 44 22 18 42 25 25 23 14 29 24 39 3 27 36 30 34 46 10 34 17 33 1 18 37 1 39 46 27 29 22 7 41 24 22 8 22 15 25 11 26 26 29 22 29 44 12 2 21 9 23 23 19 12 33 12 19 2 11
33 13 23 14 23 47 21 4 9 44 8 0 50 32 43 4 28 48 47 23 23 5 22 22 14 28 17 45 28 36 22 13 27 30 1 33 4 2 44 38 28 38 6 41 49 35 33 14 40 20 40 18 8 10 35 6 1 18 31 8 38 10 2 33 3 49 41 12 46 45 43 26 46 21 9 21 24 24 5 4 15 30 20 4 41 6 35 44 25 43 22 44 6 35 36 28 12 26 17 3
8 33 5 25 19 3 7 40 48 21 5 39 0 26 21 4 38 28 9 2 23 29 48 7 34 12 18 16 13 24 17 8 13 8 29 49 22 37 4 16 35 23 22 46 20 25 42 41 19 27 17 10 46 2 40 16 49 7 17 38 4 47 45 35 16 22 14 38 40 19 2 4 39 4 7 27 6 45 19 18 42 44 6 6 6 48 32 29 44 9 50 20 12 41 26 47 35 30 46 35
47 21 9 34 2 22 10 28 15 36 25 18 38 0 36 19 14 39 41 39 20 3 27 41 5 18 18 6 24 5 44 45 9 41 29 34 46 23 19 13 47 1 13 22 50 3 25 2 19 34 12 20 4 11 28 19 43 30 16 27 11 3 17 13 1 24 39 29 46 18 28 26 48 41 45 35 33 29 39 2 13 42 49 34 39 34 4 9 6 21 49 31 35 5 19 44 17 18 4 37
11 39 5 9 7 10 8 25 24 35 30 11 1 7 0 12 36 39 23 24 13 29 38 42 24 44 19 47 5 27 26 19 16 24 8 44 48 9 19 13 48 9 5 10 9 43 26 13 4 6 18 17 11 50 11 31 14 20 6 19 16 6 39 48 11 27 50 25 38 45 14 24 49 39 12 21 35 21 24 11 10 13 13 4 39 8 23 5 23 7 46 42 7 15 29 49 34 20 46 24
49 29 15 11 48 12 45 10 43 48 30 8 36 1 50 0 10 50 49 33 50 8 11 35 35 20 8 22 27 19 34 27 23 46 14 7 8 14 44 32 27 4 20 27 6 19 11 19 46 20 22 33 10 34 11 36 46 9 41 7 36 46 20 30 16 19 5 1 9 34 9 44 8 39 11 19 44 8 41 22 31 5 32 10 27 25 43 17 32 25 18 12 26 26 18 46 47 19 13 37
35 44 50 12 1 8 32 17 12 36 15 50 39 44 11 34 0 14 6 23 39 31 31 5 30 4 36 18 26 45 5 4 14 43 44 46 46 38 46 1 21 6 26 14 29 26 18 11 26 41 35 32 50 35 28 19 44 21 21 45 36 42 7 5 39 6 34 15 39 8 49 2 3 34 18 48 39 50 2 40 41 6 38 29 21 14 12 39 21 33 33 4 7 49 6 44 48 6 31 10
35 7 9 41 7 38 2 7 46 23 1 12 10 4 21 23 13 0 49 31 45 6 46 10 15 34 22 17 45 27 46 27 8 17 17 44 35 11 37 13 3 45 22 45 21 36 3 45 18 22 37 7 9 17 29 50 44 41 27 14 18 49 27 23 47 49 1 2 20 25 45 8 32 17 41 44 44 20 31 24 36 4 34 20 11 40 48 48 42 22 24 11 41 13 50 14 24 28 35 49
43 21 29 7 1 15 18 10 14 33 9 16 40 17 45 29 45 7 0 13 6 33 6 29 42 34 35 29 9 20 5 43 34 28 24 50 21 33 49 2 34 14 40 29 16 1 10 38 18 4 44 8 15 27 34 36 19 23 19 44 45 34 35 15 9 27 36 44 48 47 28 10 33 32 12 18 7 44 40 22 36 31 10 4 33 28 2 29 22 37 9 7 31 14 44 40 8 29 39 42
44 49 35 5 32 46 16 42 6 28 1 21 23 5 32 11 13 44 15 0 35 46 22 16 9 32 22 48 1 9 45 40 3 41 16 6 7 41 40 21 43 32 6 12 34 1 7 39 49 9 33 42 8 26 8 21 38 9 36 6 46 37 15 32 30 3 21 23 6 8 50 38 34 16 13 9 27 39 28 29 50 21 12 23 28 17 46 48 26 17 16 32 1 39 29 12 40 18 13 14
41 45 37 44 47 39 3 49 31 34 38 46 26 45 23 15 11 19 30 13 0 33 14 16 35 40 6 3 45 48 10 38 14 43 38 40 39 50 14 3 45 18 16 42 27 50 16 26 40 16 23 45 2 16 13 34 5 3 42 37 15 27 19 24 30 50 48 33 36 47 10 19 35 33 35 10 42 9 2 37 16 3 41 11 31 40 20 27 44 13 40 44 45 27 5 14 43 12 4 20
31 21 16 43 28 28 7 43 26 46 41 30 5 46 50 25 38 12 23 3 44 0 16 2 38 11 43 10 6 2 37 23 19 26 10 39 34 4 17 22 28 17 10 34 49 17 9 10 26 33 3 48 34 41 7 28 47 47 25 19 38 7 39 47 41 17 50 49 31 34 11 30 50 29 46 36 7 48 43 50 36 49 5 31 42 29 15 19 17 49 3 37 24 42 4 21 14 12 35 48
35 25 17 6 10 17 16 46 27 13 42 43 12 48 33 39 33 27 28 50 7 3 0 13 33 15 44 30 48 40 16 14 48 33 13 21 31 29 38 10 15 17 8 8 22 23 33 39 21 3 2 3 50 2 10 9 8 41 18 33 44 43 32 8 50 11 10 15 43 16 18 15 37 15 8 22 38 13 3 34 12 18 28 21 36 39 38 47 36 13 24 47 18 18 29 10 45 37 47 44
18 45 9 34 14 14 30 3 24 2 18 17 4 12 39 1 24 22 31 33 38 24 24 0 37 45 24 49 29 30 24 31 8 29 6 36 1 19 49 2 45 40 47 47 34 37 48 17 9 34 13 48 31 10 10 11 18 14 2 29 22 42 36 11 31 36 17 50 49 12 41 31 35 20 11 40 32 14 32 12 41 43 49 20 12 18 42 47 20 17 44 19 22 9 25 13 17 2 18 48
28 28 40 45 47 41 45 29 31 8 45 5 22 46 5 35 14 44 43 28 3 33 12 21 0 24 40 23 41 45 12 44 44 15 50 50 39 29 13 13 3 11 45 5 9 43 8 29 43 19 36 10 16 19 11 44 13 36 50 36 8 3 47 27 12 14 22 34 6 15 36 14 31 20 7 21 2 22 44 49 23 33 48 45 35 48 50 26 1 9 42 17 45 19 47 13 5 46 41 50
5 23 19 31 26 19 42 13 6 49 44 9 39 10 45 34 23 35 45 32 26 30 46 13 20 0 15 42 5 5 23 42 14 48 34 29 39 9 8 49 31 34 16 19 16 11 15 46 13 44 26 14 34 13 32 33 31 11 11 29 4 19 20 17 13 42 4 5 33 37 48 46 49 7 11 13 25 39 33 43 44 12 42 47 45 41 27 46 32 7 5 6 21 2 16 9 38 9 19 24
4 24 40 22 28 10 17 39 26 28 22 34 6 38 50 16 23 26 30 8 5 27 4 17 14 29 0 28 4 41 13 15 8 28 9 35 16 34 34 31 23 22 27 39 40 19 12 26 47 1 42 42 5 45 12 22 3 33 43 4 36 49 34 15 35 18 13 32 26 3 22 2 32 19 5 44 5 22 11 11 21 26 8 37 49 7 45 8 38 27 2 2 9 29 14 4 40 43 26 15
24 20 44 11 33 44 3 24 16 10 35 40 44 48 1 14 37 7 29 15 39 35 48 15 17 47 26 0 49 17 15 25 40 47 40 23 30 34 48 10 43 8 41 40 4 31 8 4 2 30 50 45 48 32 31 22 1 36 12 10 9 34 27 26 9 50 18 20 13 25 47 18 47 42 17 24 8 48 31 37 29 5 32 7 21 13 8 14 42 3 14 6 23 36 41 1 37 31 30 24
50 20 20 25 16 43 31 7 7 45 35 32 43 6 13 48 45 36 28 14 50 27 9 31 31 1 13 36 0 22 47 37 17 34 11 23 14 10 12 18 47 28 14 26 49 29 23 34 41 45 47 32 9 2 29 11 33 2 34 15 46 46 22 36 29 40 48 28 13 26 5 1 34 13 47 50 20 34 49 39 3 11 35 30 14 31 47 8 43 3 37 5 21 46 13 12 48 35 48 29
33 36 40 14 6 33 3 19 11 43 6 15 40 46 35 2 15 3 29 22 10 42 29 31 27 7 15 34 33 0 19 16 9 12 29 24 43 24 3 41 12 21 11 31 36 34 35 47 14 1 46 43 10 1 7 38 11 21 24 48 18 36 24 20 27 31 8 44 29 34 24 25 26 30 14 42 28 32 32 21 8 17 4 37 18 1 11 47 12 7 21 19 31 15 11 40 41 14 37 35
23 48 20 47 25 16 43 17 48 26 41 6 11 32 23 41 4 34 13 19 22 45 8 14 28 33 13 39 45 29 0 20 28 17 29 43 7 21 10 24 8 30 31 19 14 48 15 40 15 30 50 46 23 31 11 44 3 27 18 12 25 3 26 43 36 26 7 24 16 47 28 13 21 27 49 27 20 33 24 13 6 40 25 50 35 36 10 3 24 21 31 37 15 28 49 11 44 1 3 17
10 30 1 11 8 9 46 41 5 8 41 32 7 8 48 32 36 12 20 21 28 25 47 39 42 21 18 1 36 24 11 0 18 33 32 2 24 48 7 21 1 44 3 16 43 31 3 40 35 22 6 23 37 45 37 31 12 42 42 33 30 8 9 8 8 10 28 41 5 15 45 6 25 22 38 45 1 10 37 13 8 28 39 12 6 35 1 3 30 7 27 12 2 46 50 29 32 11 20 9
13 6 10 28 19 6 2 25 40 17 13 8 46 48 12 1 28 49 2 45 1 50 39 48 27 17 48 45 3 20 2 33 0 43 46 20 34 8 46 1 21 21 49 35 19 10 30 49 18 41 41 11 50 40 17 7 13 3 6 40 39 42 10 15 7 2 46 47 29 44 47 20 30 12 3 13 48 39 5 34 31 26 22 12 31 14 9 19 33 30 36 49 42 8 20 26 23 24 19 24
30 11 39 48 32 50 46 39 14 23 39 5 24 17 39 10 11 12 9 23 30 11 2 16 31 42 25 11 7 45 36 33 17 0 12 26 32 12 10 5 9 23 10 39 30 5 31 9 27 24 47 9 29 41 34 21 5 24 19 13 9 10 5 5 23 40 26 2 8 4 34 29 25 41 3 21 25 9 16 30 25 32 50 49 36 14 46 12 16 23 6 18 11 19 18 25 13 40 12 37
7 41 24 49 26 41 18 3 32 38 1 34 5 46 39 25 20 36 38 30 5 10 48 46 37 9 19 48 14 13 6 14 42 5 0 11 2 30 39 13 26 41 28 36 48 39 40 48 33 33 47 43 45 49 49 38 32 24 33 13 46 1 7 31 8 28 19 40 25 31 16 12 23 38 38 17 48 21 31 44 24 24 32 17 2 23 7 13 20 9 1 46 42 4 44 17 47 50 50 24
3 11 46 27 36 16 40 36 44 2 42 20 47 6 19 4 28 6 24 35 2 21 43 32 49 25 17 38 18 30 12 47 22 46 7 0 18 4 29 4 46 43 3 23 38 34 42 48 41 3 34 22 49 41 38 28 41 40 24 36 15 37 35 41 37 26 40 49 19 45 1 24 42 5 24 28 16 8 34 32 26 43 27 45 6 11 31 31 24 29 40 47 33 9 43 8 29 41 36 5
26 39 31 27 46 15 15 15 38 28 3 25 21 32 19 32 45 46 3 30 17 50 23 20 23 49 48 41 18 4 38 31 46 17 36 40 0 46 23 15 31 1 17 22 7 1 17 13 1 40 18 4 32 32 6 17 12 24 41 8 27 9 1 49 29 27 15 7 34 11 27 47 2 37 45 21 34 48 18 6 32 31 15 20 5 21 18 46 33 50 43 29 32 21 9 33 32 6 43 2
31 2 42 4 25 24 2 48 6 3 34 2 26 31 6 30 6 43 47 27 44 27 3 30 40 20 28 50 28 9 24 3 30 42 15 28 12 0 18 32 47 38 46 30 22 45 23 19 1 8 49 34 16 23 42 33 46 12 6 47 15 26 38 50 20 2 11 48 42 11 28 21 1 41 2 23 9 20 50 44 18 11 15 39 36 12 6 47 44 17 45 46 35 41 42 23 39 34 13 6
49 3 5 48 48 7 24 49 50 43 16 5 14 50 40 9 33 47 2 2 17 33 11 6 26 5 13 45 42 39 50 26 14 14 29 43 21 22 0 11 2 15 38 35 6 48 6 26 48 18 19 45 2 23 15 17 11 43 31 17 37 6 6 31 5 36 23 21 19 15 31 48 4 30 39 22 3 42 19 2 36 22 36 35 33 31 20 1 42 16 22 42 49 32 46 7 8 31 32 43
12 11 19 41 12 28 38 21 32 47 18 43 26 3 26 32 31 32 21 16 27 33 48 48 40 1 30 18 6 30 33 6 3 15 6 2 1 33 9 0 32 32 27 32 20 12 9 9 18 42 8 8 28 18 36 50 25 31 26 17 43 15 32 35 17 36 12 37 16 21 9 50 31 4 34 2 30 47 43 31 8 18 3 34 2 22 36 35 27 31 28 14 29 11 30 16 47 9 34 36
44 17 4 15 25 25 19 22 40 37 36 17 37 31 15 5 17 50 48 36 48 5 15 21 2 44 7 6 41 33 36 27 7 13 12 20 35 15 6 16 0 31 5 39 24 19 47 19 39 45 44 19 38 8 8 32 11 20 9 20 3 2 3 39 47 47 47 18 44 4 13 15 5 47 38 24 28 28 24 24 30 9 12 7 14 44 9 50 26 19 40 32 20 33 35 13 40 28 33 12
2 28 3 36 7 16 16 15 36 49 31 21 11 6 27 12 12 14 49 29 36 17 7 19 14 18 48 43 11 43 9 8 19 46 26 17 16 30 19 13 3 0 3 26 26 45 28 20 34 9 32 9 35 16 41 49 49 8 22 44 17 9 37 12 26 16 22 18 24 34 12 30 38 31 42 33 4 2 42 31 31 44 29 26 12 1 44 49 10 44 14 49 47 43 16 48 23 26 22 20
27 42 32 24 35 21 49 7 45 19 1 17 5 42 42 2 17 41 1 48 21 33 3 4 29 45 27 7 36 2 42 22 39 35 45 6 27 23 50 15 35 21 0 5 29 42 49 11 15 2 44 44 2 6 11 18 21 37 18 16 17 23 26 50 28 23 37 14 42 19 48 29 13 36 15 44 24 10 49 22 12 8 50 14 42 23 5 21 29 26 34 35 19 36 48 37 4 23 27 9
41 35 20 29 47 43 25 31 19 43 29 29 50 42 2 37 45 12 39 44 28 26 12 44 14 21 2 25 13 42 32 15 48 48 8 19 4 36 16 7 41 48 14 0 41 14 11 23 41 23 11 11 21 43 42 2 8 19 1 35 22 29 12 12 22 33 3 27 30 26 1 40 50 15 3 44 25 38 6 46 26 27 6 16 24 43 36 19 14 46 29 42 18 47 37 34 36 47 10 16
38 41 35 2 12 48 39 24 30 41 30 42 11 30 29 3 12 35 50 28 10 21 37 36 48 28 7 16 2 18 22 12 14 6 22 8 26 33 37 32 19 12 19 15 0 15 18 14 48 41 13 18 10 22 39 14 47 50 28 36 12 41 23 43 18 4 13 13 29 35 38 27 40 15 22 37 13 1 30 49 9 19 17 8 7 22 26 25 5 28 37 42 44 25 7 35 42 49 18 49
30 5 15 48 20 35 6 46 31 22 13 16 14 15 32 27 43 34 14 21 43 37 1 27 20 47 43 20 10 20 14 26 13 15 20 50 40 2 47 15 50 37 7 19 1 0 32 31 20 9 17 7 47 28 21 39 9 45 35 34 2 34 42 10 43 36 37 48 13 14 30 31 39 19 43 31 41 11 33 14 13 20 49 43 45 45 27 27 43 29 6 20 14 16 26 9 40 40 12 41
14 6 9 46 47 3 36 35 11 1 32 13 45 37 26 25 32 35 30 48 24 32 37 44 20 2 16 28 35 31 42 26 48 20 49 48 1 21 17 27 12 49 49 24 42 19 0 41 14 5 32 19 34 5 7 4 5 9 40 9 41 22 4 49 17 30 42 31 50 27 28 12 46 5 22 15 35 35 44 31 4 15 48 23 44 12 16 2 32 49 42 17 50 46 5 1 17 3 48 39
34 32 26 15 22 30 15 1 6 30 43 13 8 16 38 10 20 9 31 21 44 2 30 10 29 33 43 10 2 15 1 32 36 46 30 43 34 39 29 17 49 3 11 20 20 40 43 0 49 16 24 17 49 16 14 13 23 30 14 41 46 43 21 41 18 48 14 32 7 50 8 15 22 31 21 1 17 6 2 47 13 17 37 22 37 3 27 36 31 36 40 20 44 49 38 24 5 2 8 14
30 9 17 39 19 38 16 48 9 7 23 12 47 30 24 19 43 16 48 1 25 30 46 43 8 35 9 25 16 13 27 24 1 9 15 47 25 30 30 9 22 25 27 19 17 38 8 31 0 40 26 8 9 7 16 50 31 19 44 34 43 25 28 45 44 19 10 24 7 19 39 1 15 50 25 31 6 45 12 14 45 47 19 41 17 11 43 48 28 20 4 19 38 8 45 5 11 21 45 17
11 37 40 42 29 24 36 46 11 18 50 11 20 36 5 11 38 5 13 29 2 45 43 26 22 49 13 27 6 20 11 30 15 3 15 14 22 10 12 25 46 19 48 13 26 41 20 26 32 0 5 7 1 19 15 39 37 32 13 13 41 39 14 47 18 48 19 17 3 30 28 41 45 25 1 11 28 42 14 12 43 13 43 43 35 36 25 40 28 1 21 27 15 41 16 21 16 2 44 7
31 38 15 20 4 7 17 40 45 17 40 17 50 31 29 13 40 13 29 32 13 47 12 16 29 31 42 12 20 39 16 29 6 8 48 48 27 12 7 28 48 8 48 35 32 46 25 49 38 19 0 15 35 36 20 16 22 4 34 3 24 3 39 7 40 28 3 41 50 17 1 23 39 34 26 32 3 46 1 34 17 37 47 8 1 25 13 28 32 35 15 16 49 50 34 34 3 14 16 32
31 41 29 48 46 18 46 46 24 26 5 42 16 39 38 23 15 42 14 20 13 47 27 35 19 32 25 24 6 24 6 11 10 6 43 16 27 11 20 34 38 38 25 20 40 3 22 16 49 45 48 0 2 2 3 4 24 41 4 12 38 17 23 31 1 7 18 25 48 24 1 12 3 5 37 43 33 2 31 16 37 13 3 7 49 36 44 39 50 18 21 35 49 50 10 38 46 38 22 7
35 12 42 45 31 42 5 5 19 27 9 40 37 37 43 41 31 36 16 48 22 50 8 34 48 7 41 7 44 1 35 29 7 28 26 19 12 40 12 14 27 8 16 23 49 10 3 28 22 48 25 4 0 36 18 12 40 19 21 7 31 27 40 44 30 38 19 32 2 48 15 21 12 37 34 5 35 29 18 17 14 25 46 1 20 28 32 12 24 40 31 8 45 27 45 7 27 22 12 33
13 48 21 19 50 43 11 41 49 21 42 24 33 3 23 47 21 10 27 7 20 37 31 37 14 33 24 15 29 9 29 9 20 8 47 43 27 9 17 1 29 37 24 28 3 16 23 9 20 12 50 18 3 0 31 44 20 39 12 50 46 33 35 39 28 10 31 46 20 34 23 16 39 22 43 5 15 2 41 37 26 26 47 49 20 6 35 31 25 12 34 11 41 9 29 19 45 11 33 12
37 27 44 29 11 12 10 44 12 45 38 40 48 7 7 37 8 33 2 41 10 41 43 43 18 9 41 11 22 40 28 18 33 45 25 4 18 10 47 23 26 27 19 36 47 9 6 25 35 44 6 23 49 26 0 19 2 46 4 7 4 34 33 16 17 19 40 45 38 8 5 2 7 13 5 13 10 26 18 21 35 29 18 27 5 1 49 25 47 29 9 19 32 50 37 23 36 22 39 34
44 33 6 47 39 8 24 6 7 35 3 47 7 38 30 8 10 26 8 29 16 4 21 19 24 38 43 41 10 47 50 38 26 7 44 5 9 38 41 8 7 28 13 34 11 40 32 38 38 38 25 25 14 23 46 0 1 5 49 4 14 6 7 21 22 40 16 40 50 17 29 18 26 17 10 15 7 21 18 10 32 45 26 9 41 19 47 44 25 36 46 40 23 3 45 33 1 44 32 41
32 15 12 19 31 32 41 11 41 38 5 24 40 27 25 10 3 18 22 16 7 16 16 18 30 17 16 6 35 37 50 46 44 32 13 21 30 40 24 16 49 2 48 35 50 31 11 26 35 2 8 22 17 19 39 32 0 40 39 46 50 1 6 18 40 38 46 14 10 50 40 13 9 7 20 24 27 28 45 1 21 3 50 31 4 47 2 31 37 15 3 42 18 6 28 20 50 22 40 19
14 47 42 4 48 45 25 28 48 48 11 3 4 47 33 43 6 18 25 32 45 41 24 25 49 38 16 39 39 7 17 28 50 8 48 40 21 6 27 13 49 16 50 1 44 13 14 49 33 47 4 31 42 48 40 2 48 0 13 18 20 39 33 29 50 23 30 47 28 50 6 3 3 10 28 43 28 44 12 17 9 15 28 42 13 46 43 7 22 23 14 36 40 30 8 48 22 31 16 30
33 11 44 4 26 34 23 30 42 16 5 16 33 3 31 6 1 36 40 25 26 26 32 4 18 15 6 25 17 9 2 32 12 40 40 15 18 32 41 18 21 17 22 23 24 46 28 23 33 45 13 43 13 24 27 38 46 27 0 15 6 40 28 46 34 17 44 20 25 49 30 5 20 24 36 32 9 27 18 47 14 50 47 28 25 35 5 43 30 20 14 41 16 48 25 46 39 35 14 26
49 13 43 8 48 38 42 49 38 47 23 33 27 24 46 4 33 18 43 44 28 40 24 24 6 40 11 12 33 19 6 34 30 2 40 7 47 32 16 43 31 10 47 28 43 47 41 17 39 14 21 21 50 30 7 19 8 44 26 0 33 4 2 22 16 1 9 14 11 50 18 12 28 44 28 16 25 37 5 34 29 10 2 4 32 43 37 47 46 39 18 26 5 21 10 23 6 46 29 50
16 39 4 49 14 4 10 4 11 8 1 10 32 11 12 14 39 12 9 7 11 32 17 22 13 37 30 40 26 10 7 32 8 12 46 14 15 8 5 12 28 48 25 37 30 27 45 28 46 26 11 9 20 9 6 34 13 17 41 28 0 34 28 34 2 10 22 13 22 27 36 13 11 10 15 47 28 36 27 15 44 16 37 7 20 41 24 17 37 28 33 33 41 45 43 16 26 34 8 11
34 12 3 50 28 26 43 49 26 23 28 47 2 17 48 12 20 1 50 33 15 32 12 12 36 6 1 39 39 49 39 11 11 5 18 45 2 28 43 35 49 9 10 27 15 42 18 37 7 21 5 30 2 46 34 45 14 21 49 13 5 0 6 47 39 31 28 28 49 49 45 49 10 13 28 23 34 39 5 5 30 45 36 11 29 41 10 13 47 49 11 42 24 14 43 11 8 21 32 49
24 10 3 16 35 34 43 22 40 50 32 37 46 42 2 17 6 45 39 47 15 22 41 25 36 17 46 27 39 46 27 10 18 29 47 1 36 42 32 13 36 16 20 32 4 49 39 16 44 40 22 31 5 6 28 11 16 19 17 49 14 47 0 17 40 4 8 12 35 10 34 26 1 11 40 23 36 34 21 39 25 5 49 47 3 29 27 41 13 46 19 33 11 44 48 39 22 24 32 45
39 40 12 18 13 23 11 37 22 9 42 22 40 8 20 19 35 48 37 14 27 44 1 26 33 33 11 5 23 12 18 48 2 34 15 40 15 12 17 38 11 37 4 36 16 38 35 47 6 47 46 50 9 11 13 29 36 33 35 43 34 35 24 0 44 19 21 28 28 12 49 40 33 47 47 23 42 4 50 16 25 43 30 12 7 47 29 31 25 4 7 48 43 36 16 5 37 50 32 10
49 21 23 8 41 13 35 48 21 37 14 1 22 28 17 15 39 13 6 48 43 33 23 7 30 45 14 34 38 43 27 20 25 26 46 32 45 36 14 25 4 48 44 13 24 7 24 9 22 34 43 23 19 31 12 14 44 28 18 14 27 38 45 35 0 20 29 34 48 2 31 28 30 27 21 41 32 5 34 16 6 2 24 25 35 17 47 48 41 21 45 11 12 24 44 34 28 43 38 43
17 39 28 4 4 3 29 31 37 16 13 18 47 31 38 24 49 11 50 18 15 11 3 19 30 4 47 3 20 26 41 5 23 28 6 24 42 44 20 31 29 48 38 31 29 5 3 22 37 45 47 7 20 25 1 21 1 30 11 4 10 48 17 5 2 0 29 15 3 22 34 6 13 40 5 32 25 42 43 39 31 17 35 35 12 18 19 38 35 13 11 9 1 22 3 35 8 26 35 50
4 24 43 36 20 49 48 8 21 15 33 16 42 34 34 20 9 36 18 16 38 49 10 24 12 1 49 24 25 5 44 40 25 27 17 1 42 5 39 50 43 37 48 22 32 42 25 23 49 21 12 16 7 34 3 12 5 31 41 44 46 38 26 6 10 15 0 49 12 42 32 42 13 36 14 28 26 2 45 43 32 39 14 40 35 16 22 25 45 11 41 8 22 29 25 22 45 8 5 3
38 44 5 38 37 30 8 26 11 32 11 7 27 48 45 13 13 23 6 32 5 43 12 32 50 11 32 28 43 17 28 44 1 24 6 27 5 37 28 13 11 31 50 35 20 6 15 40 33 19 22 13 49 9 48 6 15 35 29 25 47 6 34 40 44 31 40 0 48 1 25 8 29 12 17 26 29 8 34 21 26 11 16 50 3 35 43 49 22 45 11 3 44 11 26 26 13 29 24 23
13 44 48 37 19 33 6 13 16 43 24 19 4 8 6 11 41 45 46 16 19 41 18 7 21 1 26 15 40 38 16 37 31 28 15 10 21 35 33 16 21 10 23 25 24 8 15 3 13 40 17 27 18 14 45 48 25 30 9 49 30 27 35 15 28 50 48 44 0 24 18 17 24 12 3 2 16 43 11 40 46 50 19 47 18 12 26 6 33 50 18 12 48 48 9 8 29 47 24 39
45 29 40 38 45 11 10 33 46 31 13 20 38 26 13 13 27 7 1 12 13 10 23 7 18 32 13 5 3 5 9 14 28 7 34 13 34 22 25 4 39 21 46 27 10 37 29 17 10 10 17 12 36 6 25 21 2 39 32 8 2 4 29 28 22 24 19 33 27 0 19 24 49 13 27 2 8 49 22 30 39 6 38 26 25 48 39 2 3 2 5 14 29 6 26 14 8 11 45 2
12 37 34 35 26 9 41 32 13 16 27 30 23 13 34 19 46 4 18 5 30 46 41 10 25 4 8 31 21 47 35 8 17 23 18 7 45 17 27 44 32 26 4 9 5 48 20 18 9 42 42 45 10 35 21 38 29 35 3 50 18 31 33 2 5 50 45 49 4 46 0 23 28 7 31 18 18 29 31 30 23 24 34 17 33 29 42 32 1 48 3 7 17 43 33 16 6 1 22 24
19 23 16 42 13 35 37 43 20 50 47 36 35 33 45 16 43 41 46 44 4 47 37 35 44 13 4 26 25 42 11 26 38 8 9 7 1 42 46 24 5 5 49 20 23 43 11 15 45 24 7 43 3 39 30 38 35 40 44 47 1 41 40 48 39 16 41 1 28 36 47 0 26 7 44 11 3 34 40 19 18 48 7 12 34 24 25 20 46 4 50 4 12 16 4 36 20 27 2 11
8 34 12 5 3 39 32 1 21 46 41 46 9 3 38 19 8 13 33 28 26 16 46 10 33 6 26 31 36 37 49 33 42 10 17 44 13 37 4 39 16 18 33 37 26 48 34 14 11 42 18 35 35 40 14 16 13 15 32 4 24 12 27 19 17 39 38 3 43 17 29 27 0 46 3 36 23 9 13 4 5 4 35 32 26 37 19 2 26 23 7 6 20 17 40 25 30 17 27 26
9 21 40 14 25 10 36 38 1 45 7 26 43 42 3 30 45 25 28 18 32 3 27 30 13 34 1 35 4 45 13 14 23 46 26 22 41 30 7 40 40 23 9 48 25 4 9 38 36 36 35 15 34 9 12 1 4 29 18 3 3 28 26 3 7 32 2 45 33 33 34 23 20 0 18 5 49 45 14 19 18 30 24 2 34 23 17 19 44 10 49 18 33 42 48 33 50 44 36 10
9 44 6 48 11 48 40 32 39 16 16 1 30 26 16 9 18 33 6 28 15 3 6 7 39 39 18 46 20 5 41 35 2 38 6 48 10 42 8 32 39 27 28 29 50 28 6 45 47 41 39 7 49 26 7 23 37 11 40 47 30 35 4 41 45 29 23 38 5 15 19 44 34 50 0 1 47 28 38 24 42 26 31 3 37 5 35 35 47 19 38 34 18 36 34 19 41 17 19 45
21 45 27 8 23 35 35 27 18 2 47 3 47 4 29 5 29 45 49 25 8 39 12 25 4 27 25 29 2 12 23 8 10 9 50 12 5 8 12 23 49 40 28 16 47 33 34 47 24 4 15 33 33 24 49 29 29 49 15 5 14 6 29 32 39 13 50 42 38 6 21 41 35 19 10 0 36 3 38 36 47 17 45 15 50 31 5 29 6 21 30 21 31 40 14 7 30 49 29 2
5 6 46 50 32 4 14 3 23 5 30 4 23 43 9 48 34 35 11 39 3 43 8 24 37 32 12 43 38 10 1 40 5 44 13 28 44 11 29 47 47 18 27 44 26 18 9 5 31 36 21 42 16 45 21 28 7 48 32 48 29 16 50 9 6 46 44 42 35 24 28 23 7 8 7 16 0 27 16 49 31 21 33 36 33 40 33 17 4 12 41 20 22 40 37 47 40 43 15 25
31 10 50 10 44 47 29 16 30 47 8 12 10 47 24 10 2 21 22 10 3 4 23 30 13 35 11 34 44 14 5 49 30 15 25 44 17 34 1 7 26 42 1 27 23 22 6 44 50 47 2 14 10 33 29 22 35 35 4 22 18 21 39 47 46 17 9 7 23 24 35 24 44 46 35 17 7 0 35 36 42 8 30 31 49 29 42 9 12 47 38 36 37 42 3 39 11 12 8 10
43 34 24 16 35 37 30 3 36 25 22 18 32 27 37 42 33 26 29 7 15 34 48 26 15 14 6 6 32 23 43 22 26 13 9 2 36 48 14 26 19 22 2 47 11 10 8 16 24 19 14 8 21 21 45 46 3 31 47 19 30 26 23 26 46 23 15 44 4 7 38 4 15 39 1 21 45 18 0 19 42 45 8 45 7 2 19 23 15 36 49 16 42 2 46 29 46 45 5 26
20 16 2 4 28 10 17 2 10 33 19 4 24 27 14 37 11 4 1 31 19 23 33 19 9 39 29 29 2 33 34 12 2 38 24 31 24 30 15 49 23 49 15 29 49 6 13 35 31 11 49 40 23 12 31 14 39 17 16 12 34 8 31 49 14 1 12 33 39 19 11 49 32 34 44 4 18 2 10 0 22 28 36 35 13 26 9 21 3 40 14 43 19 4 12 3 20 7 4 44
35 34 38 15 21 14 34 10 27 9 36 9 50 34 27 28 17 19 14 26 39 32 36 5 48 18 38 43 10 20 50 26 38 28 21 50 27 26 29 11 4 11 11 10 38 7 24 19 8 3 3 36 15 19 25 38 30 23 23 17 28 33 21 5 34 21 37 46 33 30 2 48 10 28 28 18 33 49 43 19 0 25 8 29 37 16 40 12 50 10 48 28 30 8 6 4 21 45 12 37
48 45 34 35 27 49 5 34 38 19 9 3 49 18 6 15 49 37 10 10 1 6 28 24 5 50 10 44 32 45 43 33 22 31 35 42 7 15 46 12 17 42 2 18 17 11 30 21 26 26 25 43 12 34 38 19 42 11 32 35 31 18 19 40 18 50 11 20 39 28 31 23 1 29 16 7 27 8 29 3 13 0 27 5 44 16 33 11 8 42 38 42 7 10 14 14 47 29 39 30
43 41 30 17 36 14 6 20 21 27 20 50 3 42 16 32 4 42 12 15 22 24 23 17 30 26 41 2 7 40 1 13 49 29 12 24 42 20 17 36 35 4 32 8 21 41 19 20 28 46 36 11 32 15 23 2 48 31 48 25 37 38 28 13 31 44 15 38 50 20 38 14 14 32 37 24 1 33 36 29 6 17 0 10 27 2 39 7 9 19 5 35 22 5 16 29 28 43 12 32
24 30 47 20 25 12 10 37 44 25 48 47 9 17 4 41 35 6 35 1 49 14 17 41 26 28 43 29 5 35 49 26 24 4 3 3 8 46 46 36 2 20 10 9 49 39 49 33 11 10 5 41 13 47 11 28 23 32 6 7 48 2 35 28 21 1 35 7 33 24 47 17 40 11 45 27 10 12 2 6 19 17 29 0 36 42 23 2 14 48 36 35 41 46 34 2 35 3 38 44
19 49 17 21 43 16 36 49 16 19 30 17 38 15 25 13 18 43 6 35 43 31 43 3 42 35 40 11 25 11 39 17 16 19 7 22 27 27 4 41 9 23 10 40 42 32 46 16 49 8 13 6 28 41 1 25 29 47 43 12 23 44 34 49 12 22 50 39 43 23 13 13 26 10 29 10 17 16 44 21 31 39 26 10 0 4 16 24 29 47 18 35 8 24 4 5 18 42 9 9
26 49 38 45 42 10 22 22 29 8 15 21 21 12 28 45 39 13 29 44 12 13 36 37 18 6 43 41 39 28 41 34 22 48 23 37 44 31 14 27 13 25 32 13 4 12 33 45 36 43 9 17 7 10 3 46 49 28 46 24 21 27 16 48 12 27 35 13 12 21 34 29 48 9 30 34 5 4 47 17 12 11 8 23 6 0 27 11 30 42 17 9 35 45 47 26 15 13 15 49
24 4 20 38 46 11 8 18 35 10 7 8 48 4 5 19 39 37 49 48 24 30 49 37 24 21 30 28 7 7 49 37 15 4 7 3 41 20 40 50 41 46 21 15 7 16 1 43 35 16 3 31 7 9 12 44 15 15 24 39 12 43 38 18 45 9 14 26 20 21 8 1 11 48 26 10 5 45 20 34 9 7 30 21 25 12 0 14 2 15 25 30 2 11 42 17 20 16 28 18
45 36 44 46 25 20 42 40 5 9 33 11 41 17 45 40 39 17 41 6 44 36 12 41 33 50 44 48 26 22 15 22 4 39 37 13 43 20 50 48 35 17 20 20 6 35 11 35 33 37 7 2 13 44 19 41 14 31 11 35 45 11 15 4 21 23 18 6 20 11 38 18 27 45 31 36 19 23 21 29 18 9 4 20 4 50 3 0 28 45 20 35 38 24 10 4 31 45 28 45
26 39 49 17 8 8 11 19 41 36 33 10 15 29 9 38 46 35 12 29 36 39 19 37 2 22 34 22 17 24 50 36 24 6 15 11 38 47 30 33 30 33 24 42 44 9 40 23 47 26 38 42 43 26 7 45 22 46 8 4 48 1 6 16 6 20 45 14 20 20 37 17 7 3 9 45 2 3 34 5 42 34 48 21 16 31 5 20 0 46 27 26 22 45 32 4 10 35 17 40
15 13 15 2 30 50 19 42 34 42 38 3 22 20 3 13 19 24 18 29 34 17 12 40 33 29 40 27 7 24 19 32 2 35 29 18 29 33 9 15 31 39 23 3 5 40 10 29 48 2 48 36 37 12 40 16 39 27 16 2 34 24 4 2 13 47 31 9 14 13 47 38 13 6 38 23 5 31 10 47 10 47 31 23 49 16 48 5 23 0 49 40 11 18 29 11 29 33 43 23
22 47 14 34 6 4 47 50 46 1 42 5 18 29 40 16 7 25 32 47 6 45 31 12 37 9 25 18 6 42 48 11 27 7 2 1 18 41 11 14 21 10 31 12 40 13 1 1 14 32 29 1 41 47 42 36 43 17 6 1 9 34 12 35 6 26 49 39 18 39 31 26 3 14 50 31 15 2 16 47 22 4 9 28 43 9 1 28 40 49 0 18 38 18 31 2 8 32 50 5
46 15 15 37 16 25 34 50 28 38 4 20 12 21 2 28 14 49 39 3 29 25 40 6 49 24 5 11 36 10 41 39 29 34 18 21 24 35 45 7 44 1 34 15 42 12 34 24 31 49 11 46 36 46 21 22 18 41 48 11 43 32 42 17 44 28 32 17 29 8 34 26 37 25 14 17 39 37 36 32 9 28 9 25 31 20 45 27 37 50 15 0 44 23 37 29 19 32 29 31
43 27 29 7 8 21 27 5 24 44 21 7 45 45 30 20 31 14 35 6 44 37 26 1 49 20 38 7 15 4 27 32 47 43 50 3 4 41 40 8 21 21 34 33 37 33 20 33 49 20 47 35 31 29 42 46 16 36 6 20 29 30 37 31 11 19 15 8 20 36 15 48 16 8 25 28 25 38 11 46 38 43 9 46 6 7 7 12 14 33 31 2 0 37 45 7 19 49 45 4
4 2 18 49 22 34 43 29 2 32 23 7 48 43 29 14 45 4 17 15 18 3 40 50 39 14 6 13 45 1 4 47 38 19 34 29 5 25 14 5 16 22 46 20 10 42 5 32 33 1 29 37 39 21 11 11 48 25 3 3 5 12 9 49 18 37 42 34 26 9 38 29 28 22 30 1 5 40 21 35 11 3 12 15 38 28 23 10 7 3 18 25 40 0 6 11 26 3 48 12
26 48 16 50 4 46 44 13 21 29 12 15 50 6 45 42 34 36 18 11 49 26 12 40 43 45 33 14 26 19 39 46 6 9 29 29 25 7 40 28 6 12 40 29 39 41 20 12 43 12 40 1 17 19 32 35 9 17 3 10 43 6 1 34 23 2 16 45 23 8 10 18 40 17 37 41 19 33 27 44 14 3 42 4 12 17 33 6 26 9 12 18 21 20 0 26 12 13 47 1
20 48 1 11 49 38 26 26 14 17 24 11 42 47 32 49 37 34 41 45 26 14 11 14 32 48 18 34 48 41 31 23 43 22 9 44 28 7 4 40 34 3 29 44 17 45 20 34 36 18 36 42 44 37 50 32 42 24 18 35 10 11 43 44 18 4 36 1 46 4 11 38 19 1 1 23 46 14 44 17 18 4 1 40 37 19 34 6 17 18 21 30 29 17 6 0 43 44 11 25
22 36 4 50 27 16 14 7 5 17 50 17 28 39 42 28 24 8 11 16 29 1 13 23 27 7 10 16 37 13 18 9 38 48 46 6 12 47 8 48 33 45 24 38 17 46 5 34 44 24 43 36 1 4 45 11 1 10 1 34 5 5 30 27 49 17 40 19 10 50 20 12 2 16 36 33 23 29 15 21 20 42 43 50 41 49 17 17 19 44 47 21 11 6 47 7 0 8 16 25
10 32 21 42 22 11 30 11 28 26 29 41 14 47 9 13 40 8 23 21 4 38 40 27 2 16 8 42 5 33 49 8 40 43 49 31 20 44 49 23 31 28 10 17 30 2 8 11 14 25 30 32 42 44 1 24 4 44 13 6 19 41 13 32 26 27 39 39 24 41 8 25 34 47 38 6 27 27 47 38 2 4 1 18 39 31 5 43 17 11 11 1 49 31 27 7 19 0 26 29
28 44 30 41 2 32 46 43 23 27 31 48 7 39 34 35 15 47 18 44 1 34 45 19 48 32 49 2 18 32 39 30 45 3 4 19 32 39 48 25 41 50 16 38 3 40 41 10 9 7 11 6 21 6 46 16 4 24 35 37 18 7 18 26 14 35 36 31 35 8 44 7 42 50 40 48 14 2 47 1 25 2 33 7 10 7 50 24 38 13 1 25 26 47 34 33 27 15 0 20
24 11 1 24 34 44 25 21 9 18 11 14 32 33 6 44 11 15 10 30 37 22 32 40 32 6 46 17 13 4 12 35 13 1 9 11 34 48 10 12 39 32 23 45 27 38 7 21 11 11 20 21 19 12 34 24 46 10 31 34 42 41 50 20 15 1 35 44 48 14 24 8 14 23 6 30 49 18 40 14 47 31 20 11 34 6 25 28 35 40 38 25 28 4 47 45 44 43 46 0
0 37 30 35 8 19 46 19 37 34 24 18 33 42 1 42 2 43 19 16 41 33 42 27 10 25 11 9 38 29 28 49 20 16 24 24 27 12 39 43 43 25 12 36 24 21 13 40 28 3 44 9 23 47 19 46 29 9 48 21 28 47 27 42 41 38 31 41 50 16 42 21 49 46 31 33 17 50 28 44 45 9 20 11 29 18 40 45 25 12 16 4 24 40 4 8 41 20 33 20
5 0 49 12 25 5 28 4 9 23 44 3 14 11 4 2 32 38 43 42 23 15 25 38 38 4 47 45 37 31 36 22 2 46 6 5 32 22 16 13 48 46 39 29 19 48 31 9 12 29 42 43 12 37 47 31 25 33 4 33 18 12 32 20 15 48 10 2 41 44 27 31 40 40 48 30 46 11 37 23 29 30 13 26 4 24 13 8 13 30 27 7 26 13 44 22 38 16 40 40
30 34 0 11 2 32 48 49 20 7 13 30 16 35 24 4 11 49 21 45 33 11 33 38 11 15 27 16 20 7 27 20 2 18 26 45 37 34 28 29 48 34 1 2 4 24 16 14 11 27 49 33 19 45 46 9 48 41 41 47 31 9 49 5 10 14 30 44 45 4 49 41 23 1 31 35 37 7 15 26 18 48 24 23 30 32 48 47 10 13 18 25 26 30 22 38 35 3 31 47
46 44 22 0 6 11 24 19 27 31 25 13 18 18 32 36 4 15 21 12 29 17 42 1 46 8 35 34 43 12 42 17 2 38 46 28 33 3 13 23 36 34 49 28 39 4 49 14 1 42 17 8 34 20 19 28 20 23 26 44 23 30 41 8 18 35 25 34 4 4 12 14 40 30 31 34 34 12 20 13 29 32 12 46 6 15 16 7 38 17 46 36 23 25 22 38 3 7 36 44
1 12 32 37 0 9 27 12 49 34 34 14 33 2 9 6 30 33 7 1 26 41 24 39 15 50 6 30 50 27 12 16 48 1 3 47 33 26 26 2 5 6 2 44 49 5 47 9 45 4 30 14 33 21 49 27 43 4 30 46 6 27 9 29 45 1 26 18 1 8 20 42 41 29 18 23 20 23 13 13 23 49 11 19 50 22 49 50 2 22 23 36 30 50 41 19 39 19 9 32
14 13 12 2 27 0 33 19 23 41 11 2 34 38 11 12 19 27 40 30 20 34 6 23 48 50 37 43 16 49 43 25 5 18 15 39 14 13 13 35 50 38 4 46 34 24 34 4 19 45 24 30 27 2 2 47 36 30 28 27 50 46 50 14 5 49 40 8 49 17 45 8 23 32 30 39 41 21 49 48 34 44 34 39 33 16 41 1 38 8 33 30 50 4 21 40 17 13 19 39
20 37 21 35 25 20 0 32 43 13 19 29 33 18 39 4 19 9 45 15 23 8 9 36 7 50 1 29 9 40 16 31 42 22 29 1 20 21 27 29 9 45 10 9 47 5 25 38 12 35 35 23 5 12 46 17 6 22 4 15 18 2 34 23 12 14 5 20 8 1 30 3 2 2 35 33 50 35 36 40 22 38 13 46 40 21 43 25 19 30 36 42 16 1 32 42 1 23 49 23
35 3 31 21 36 5 1 0 25 28 13 45 21 49 44 17 45 37 21 50 47 20 40 14 10 24 27 48 40 26 5 19 23 24 42 5 14 5 37 38 40 16 20 13 42 35 18 3 11 32 47 28 48 1 43 18 19 18 41 33 41 20 1 22 43 14 22 43 31 8 3 26 29 17 33 5 41 41 50 25 11 30 47 11 47 47 20 12 19 14 35 15 12 23 29 30 37 48 11 5
18 36 34 46 44 48 40 9 0 27 9 50 22 13 44 10 21 48 2 24 25 27 45 26 49 38 18 50 35 10 26 41 11 32 38 19 32 21 20 8 48 49 9 29 39 44 43 18 26 24 42 50 29 9 35 29 23 16 8 30 19 26 2 39 23 37 33 12 14 13 1 10 30 20 34 9 43 35 37 27 4 2 1 29 40 36 39 35 38 49 28 10 13 46 2 30 40 47 29 25
48 38 17 46 12 29 33 13 1 0 40 9 24 8 6 15 23 26 3 28 25 1 37 40 35 15 41 40 10 4 26 23 19 45 2 17 27 26 21 42 20 20 25 5 49 18 23 43 41 1 50 6 39 39 6 32 29 27 17 26 49 33 50 49 20 48 35 17 37 50 35 39 13 16 49 15 24 19 13 36 5 16 42 17 28 3 41 48 2 19 3 28 34 45 33 20 24 39 15 31
31 37 13 3 29 28 26 46 37 18 0 34 5 45 43 46 31 9 41 16 24 3 44 7 7 10 12 25 44 49 33 36 30 5 30 6 22 12 43 48 23 7 30 6 24 13 7 11 50 42 20 16 24 45 6 19 6 18 17 31 45 10 23 34 34 35 47 7 30 32 20 25 6 30 42 18 20 14 42 40 5 1 27 34 48 39 49 9 37 16 39 33 9 12 10 25 39 28 50 17
41 15 12 18 1 4 26 19 2 16 11 0 28 46 40 1 25 12 27 23 21 30 14 3 25 38 3 32 9 45 48 4 9 18 40 42 9 18 13 40 18 28 36 18 11 42 41 12 12 42 25 40 17 12 31 2 18 19 18 4 4 41 6 20 41 36 21 31 13 34 40 7 9 33 22 9 50 33 39 22 47 26 24 4 35 29 6 35 24 30 34 44 46 22 21 29 4 26 16 38
6 30 36 33 13 29 34 22 33 43 5 32 0 39 5 38 36 29 14 10 5 3 41 11 11 14 36 48 11 20 10 23 29 11 24 32 26 41 31 46 7 34 42 24 26 40 49 25 23 29 39 49 26 49 31 9 4 25 11 45 28 9 21 28 46 35 37 22 34 32 39 5 16 19 4 20 10 32 36 32 18 19 50 1 43 50 5 33 6 38 38 1 7 3 45 48 50 48 8 31
7 18 5 46 8 6 1 1 14 11 13 12 37 0 24 43 12 47 16 43 38 50 48 5 4 18 14 23 9 33 18 12 20 36 41 24 45 45 49 50 18 8 33 8 44 43 8 13 15 24 41 28 38 29 13 4 48 14 29 10 44 45 2 33 31 26 11 35 17 43 41 23 41 18 32 23 14 1 21 5 29 2 3 40 40 25 15 38 37 19 15 7 15 36 50 26 47 3 46 10
7 7 14 21 24 44 26 44 33 6 42 2 44 31 0 33 12 10 27 48 18 10 10 2 10 22 48 24 11 35 9 43 36 2 25 30 34 38 1 19 35 6 35 26 31 31 23 9 13 24 4 38 25 43 2 45 49 26 6 45 43 43 32 15 28 41 14 5 49 1 38 37 49 1 42 42 44 36 38 30 32 30 29 20 34 11 4 30 14 39 31 21 12 21 27 29 27 11 1 10
43 6 35 26 20 28 25 37 30 11 1 33 10 21 39 0 11 3 13 12 17 14 34 21 31 50 38 21 1 50 46 9 17 48 5 11 32 20 50 23 24 31 21 24 19 12 45 15 33 16 48 48 40 14 39 22 11 46 25 9 16 28 6 21 40 25 36 4 50 35 28 5 45 44 4 41 20 24 49 22 9 42 2 8 13 28 44 7 7 42 23 35 24 37 27 13 14 14 5 19
1 45 14 18 45 30 32 43 26 25 6 13 1 31 44 43 0 34 2 13 46 27 48 12 26 6 46 32 21 27 46 9 4 46 48 23 44 8 38 23 26 50 47 9 18 15 38 47 16 37 33 33 43 8 6 11 44 45 11 38 19 37 20 5 5 2 6 32 47 17 20 42 1 9 14 20 11 23 8 3 11 11 16 21 47 28 47 16 33 43 11 49 50 4 40 34 30 4 29 27
24 1 25 46 43 38 28 25 7 25 15 48 49 7 25 29 33 0 22 21 32 37 41 22 1 34 8 6 38 11 10 16 23 33 32 26 49 24 14 1 44 15 30 43 29 21 7 2 26 37 9 12 26 32 29 50 25 47 48 43 3 5 5 35 14 46 14 45 26 9 20 31 44 30 43 49 2 4 27 36 1 24 14 32 50 38 12 6 43 24 25 48 13 41 7 35 32 31 31 22
46 21 16 35 19 5 12 41 1 34 50 12 27 7 7 24 20 46 0 2 42 28 5 46 41 28 31 13 36 23 16 41 39 47 22 40 22 19 14 41 16 13 29 5 10 46 10 4 29 4 41 32 18 5 18 43 20 34 15 17 37 20 10 35 49 24 16 38 26 20 20 38 20 32 49 16 15 49 24 28 42 48 16 22 4 17 10 16 7 46 9 24 30 14 25 34 38 20 5 42
30 42 3 4 8 50 7 16 31 6 36 29 12 32 31 38 37 33 10 0 4 27 5 37 4 16 47 19 32 25 40 49 18 3 17 23 24 8 16 33 24 50 46 23 38 18 23 2 28 5 10 25 27 31 1 44 28 49 45 48 27 34 41 2 32 41 15 44 6 40 6 27 13 5 14 8 50 30 21 44 32 7 23 20 35 15 29 43 23 26 23 32 32 14 8 11 13 25 34 29
32 30 41 39 8 39 24 4 24 49 32 9 5 31 38 46 16 28 4 19 0 48 28 23 35 11 19 20 38 14 22 16 35 23 48 41 41 37 36 25 36 1 29 11 31 36 24 42 11 25 21 13 37 3 1 6 40 34 48 8 1 31 44 41 43 26 14 25 43 5 8 14 32 27 46 45 11 4 24 31 27 36 25 10 24 40 7 40 40 12 19 1 32 27 21 19 37 42 32 18
49 3 6 21 12 43 34 2 1 11 15 32 34 17 26 11 28 13 28 3 29 0 10 1 21 4 17 30 17 22 9 21 18 46 31 26 29 19 34 41 32 40 30 29 9 29 16 11 36 36 18 50 2 5 18 7 14 25 7 35 49 23 23 49 2 41 27 13 46 7 45 19 36 9 3 34 42 33 36 10 45 10 4 45 8 40 45 30 30 42 17 17 34 49 36 16 25 9 42 11
28 18 6 32 42 19 23 16 2 40 1 33 21 2 10 31 27 13 11 42 12 31 0 37 17 47 31 46 41 43 10 4 41 26 22 46 49 49 28 17 29 6 50 27 35 38 36 36 21 33 13 44 5 1 19 15 29 6 6 15 30 39 27 22 29 21 36 48 7 47 43 21 43 32 50 41 19 4 22 14 35 17 33 22 38 5 12 11 28 34 18 40 7 32 20 29 10 40 2 24
4 8 46 14 25 46 49 33 10 36 21 12 42 45 17 43 38 44 14 8 18 27 12 0 50 16 15 39 14 24 41 36 7 45 8 39 2 7 25 2 11 20 40 19 31 14 37 35 14 22 40 4 4 18 19 13 36 48 40 3 37 14 49 37 28 37 7 28 42 31 47 3 43 13 48 44 33 10 4 39 9 23 28 9 5 16 3 23 42 29 23 39 2 33 32 20 13 8 13 22
2 43 36 31 33 47 14 18 22 39 16 35 50 28 9 44 31 15 4 29 17 21 23 40 0 29 41 12 29 20 15 34 22 24 36 46 41 4 39 22 12 10 48 12 35 42 26 12 48 31 46 31 1 19 41 5 9 1 11 12 1 7 14 35 45 31 4 48 28 4 9 5 44 43 30 45 21 2 32 6 19 47 1 37 12 50 50 1 1 7 41 43 47 49 35 23 15 26 46 42
3 9 33 8 39 26 15 49 32 15 34 7 37 20 18 50 24 39 41 12 7 14 26 16 12 0 18 41 47 14 20 6 17 36 11 32 36 17 4 42 27 49 40 50 29 27 4 17 6 22 15 33 37 11 39 26 26 6 26 14 34 25 4 6 14 39 44 13 8 34 13 40 16 39 35 10 33 12 34 41 14 3 29 6 22 17 5 18 35 45 36 8 8 34 12 6 21 22 43 45
49 9 26 44 39 41 17 5 37 32 30 26 34 9 50 37 20 40 40 48 22 1 24 33 7 23 0 26 8 17 11 43 5 7 3 31 50 8 2 45 1 42 17 49 9 19 25 47 9 44 48 43 13 34 25 50 41 17 42 25 22 31 1 14 42 35 26 41 14 11 32 9 39 37 27 39 49 8 47 9 17 16 18 19 31 39 30 20 29 44 15 15 23 46 43 10 30 25 46 21
2 2 41 25 11 41 20 25 15 11 25 4 43 40 50 37 49 50 23 26 47 6 27 10 33 23 48 0 6 44 21 36 37 18 35 33 10 39 50 19 47 20 31 9 20 4 13 33 15 23 6 26 40 49 30 6 49 44 12 15 4 19 22 41 22 42 2 46 32 18 44 6 35 9 9 11 6 18 2 46 1 15 43 28 3 20 17 36 6 36 41 33 45 42 31 31 30 14 48 39
11 47 3 42 37 28 23 22 38 22 9 40 19 17 18 43 35 19 49 19 27 35 40 19 25 26 13 8 0 34 45 38 24 18 4 37 31 24 29 28 14 36 38 1 47 39 3 13 24 20 26 18 17 21 1 40 37 47 7 48 9 48 30 36 29 28 26 16 44 1 8 23 10 5 34 40 26 40 36 48 19 50 20 19 42 35 6 40 32 1 24 34 21 24 33 50 38 17 7 9
2 39 22 8 17 23 21 27 46 4 48 4 9 28 1 9 29 12 11 4 1 9 33 23 18 22 14 47 21 0 19 44 13 43 42 1 24 20 11 29 44 39 37 8 35 16 39 33 8 2 31 28 3 6 5 17 28 14 26 33 26 42 16 41 18 14 16 6 37 20 13 14 41 15 14 19 28 28 21 42 17 38 23 13 9 7 11 36 18 35 36 44 22 45 20 29 7 26 38 43
26 22 25 2 31 32 14 23 29 42 21 34 25 8 2 47 34 50 40 7 24 22 17 37 20 42 11 13 3 32 0 31 47 33 26 16 3 18 20 18 39 38 45 10 38 11 19 6 32 39 8 16 42 24 33 4 36 42 18 49 48 25 14 26 4 3 30 26 45 5 7 22 19 21 6 8 2 23 35 36 10 3 20 42 37 30 26 35 31 12 48 45 15 47 4 50 30 47 29 45
11 15 39 50 3 6 8 38 36 42 34 35 37 22 32 24 24 46 31 44 29 1 41 48 2 26 14 39 46 32 8 0 35 20 35 30 33 5 16 4 10 24 35 28 3 38 30 32 38 4 6 35 17 31 2 8 18 23 3 42 26 42 11 4 46 45 4 9 47 3 26 22 19 23 37 21 24 41 29 23 46 21 27 48 30 33 11 32 39 27 4 21 27 22 34 26 8 40 28 23
34 13 3 29 24 26 35 46 15 26 20 44 21 49 32 35 20 6 6 14 33 46 1 10 35 31 6 14 17 21 4 4 0 3 33 3 37 35 1 14 5 11 50 7 31 22 47 28 28 13 22 21 46 21 28 37 22 43 19 33 31 5 14 2 32 47 50 11 28 45 47 20 23 18 9 18 5 39 10 38 3 4 28 36 38 21 7 30 18 20 33 21 1 48 29 39 43 15 27 33
29 39 8 16 41 10 6 43 35 48 14 36 45 37 26 9 23 3 20 47 11 29 47 36 35 44 24 34 17 14 50 7 38 0 3 7 8 20 43 50 31 25 9 4 45 32 42 41 8 38 6 1 5 5 30 2 9 10 21 30 19 6 18 14 45 41 29 48 8 19 14 31 42 28 45 3 29 28 8 24 46 4 41 1 2 25 43 26 7 23 46 25 18 1 44 6 32 30 28 21
36 10 49 43 19 25 30 40 24 14 21 39 30 40 6 44 24 22 44 27 35 20 14 19 26 20 24 41 37 34 9 19 34 19 0 10 46 3 14 38 32 46 35 28 43 36 6 20 3 18 20 17 34 49 17 41 9 39 37 37 6 30 2 32 12 47 13 19 5 50 23 45 47 37 40 29 28 12 9 8 45 9 46 46 45 45 47 34 18 41 6 12 24 1 34 14 24 28 46 18
12 44 3 27 38 39 18 47 10 48 19 2 25 25 50 10 2 41 26 5 37 37 29 7 43 36 20 47 11 8 12 35 12 37 9 0 9 37 47 25 44 47 11 6 18 28 18 2 42 15 43 28 19 4 11 4 20 13 31 7 21 26 50 6 46 28 29 23 35 5 2 28 33 6 4 38 26 40 18 14 48 30 14 40 9 8 45 45 18 13 14 40 17 17 45 22 12 20 20 14
21 2 16 15 27 24 27 16 22 21 23 26 16 49 30 22 29 10 23 1 22 39 11 50 7 20 16 48 14 10 7 47 14 14 21 32 0 32 2 27 18 27 9 31 3 1 16 15 41 27 26 25 6 7 12 36 5 9 40 25 26 25 41 4 39 49 17 6 44 38 27 39 40 2 5 1 20 10 29 29 15 11 11 50 6 36 30 49 3 11 42 7 49 32 48 29 6 20 50 49
2 42 30 50 33 27 11 20 43 36 7 37 19 1 50 50 18 42 46 13 19 43 8 35 19 46 44 17 11 50 38 32 19 12 32 2 26 0 26 3 16 4 40 37 22 42 16 37 38 11 42 44 30 4 49 38 4 40 37 40 32 29 13 46 46 41 25 15 36 29 26 44 11 15 6 39 23 18 35 15 11 34 47 41 8 37 19 32 41 38 4 11 33 14 7 36 36 32 10 38
17 38 17 39 12 31 6 1 1 37 6 8 9 2 49 19 37 29 48 29 28 1 39 7 44 17 5 50 2 39 4 31 46 14 17 16 39 50 0 8 38 33 20 44 22 11 45 35 47 13 50 29 48 3 43 18 35 36 22 33 11 40 18 10 38 36 35 42 36 8 22 44 42 3 35 44 19 32 49 32 26 43 45 25 22 24 1 7 17 8 41 4 5 40 16 5 25 34 33 36
32 20 21 18 25 41 8 6 2 25 32 40 26 49 37 17 16 17 28 1 21 19 23 30 49 5 11 2 25 25 8 5 39 43 18 23 21 31 16 0 19 29 11 14 20 18 19 38 50 49 33 13 11 49 28 20 32 27 47 30 12 28 26 37 4 29 26 46 2 39 28 39 43 8 30 7 36 42 2 38 36 43 18 19 41 28 19 45 25 18 14 39 48 15 27 30 22 5 39 29
28 32 45 29 11 26 40 42 44 20 27 19 14 13 29 1 42 45 43 37 48 24 36 2 31 13 16 48 22 37 22 28 44 26 11 6 42 47 47 38 0 22 19 28 16 44 35 5 39 38 33 4 7 2 43 35 16 19 8 16 30 4 14 27 25 10 27 4 34 31 20 36 49 46 35 3 46 46 16 33 30 38 38 11 30 13 20 37 10 9 47 22 3 39 7 27 1 24 32 35
34 47 47 44 48 24 32 50 25 6 6 23 47 31 47 13 38 45 28 9 4 14 30 6 33 29 13 49 45 40 47 21 14 8 16 38 47 21 25 45 31 0 49 38 48 9 22 17 34 10 13 40 3 39 33 9 13 24 49 22 24 43 20 26 23 9 33 43 36 44 24 38 17 42 48 27 32 49 23 13 50 9 11 32 3 16 27 18 43 15 3 41 20 33 48 47 49 35 31 1
10 37 28 33 24 13 43 20 20 13 15 14 4 30 33 1 31 14 17 45 22 45 47 49 48 12 42 5 1 12 4 40 42 50 36 27 45 25 38 21 32 13 0 48 1 25 39 37 44 4 32 41 19 2 33 40 35 19 8 39 45 48 25 38 17 21 42 29 23 2 4 18 46 48 22 33 15 20 34 7 26 2 46 48 43 43 32 39 15 49 31 50 26 33 36 38 4 7 24 30
40 40 45 8 42 20 1 27 30 15 50 22 17 21 13 43 39 45 34 39 13 50 8 30 39 38 1 42 50 44 16 9 6 45 21 50 34 27 22 49 20 22 11 0 41 38 15 22 46 32 17 11 34 48 13 16 8 3 49 21 44 30 44 44 42 16 34 36 35 6 47 21 17 30 16 31 25 35 1 19 2 5 26 9 4 5 34 3 5 9 37 14 7 17 18 36 7 6 2 15
28 22 45 6 11 11 25 19 39 28 36 38 1 43 17 22 6 27 9 34 2 35 28 22 8 10 28 27 42 37 21 5 14 18 28 39 41 46 50 48 40 21 19 41 0 40 28 40 49 38 1 3 40 38 28 40 11 15 16 24 41 22 35 38 24 10 36 28 6 25 1 49 39 43 13 47 1 27 23 13 49 43 13 47 26 19 14 50 39 38 41 17 30 20 17 38 2 14 24 18
32 15 20 13 34 4 21 2 9 46 37 45 23 50 27 24 48 25 31 14 16 19 44 38 26 19 50 38 26 1 32 8 5 41 29 49 19 17 29 50 33 25 20 27 48 0 24 39 41 33 27 20 22 8 27 4 13 35 15 11 22 13 1 12 3 12 2 13 46 42 50 13 10 10 18 22 41 29 48 28 4 13 39 30 49 10 3 45 7 33 29 35 27 1 13 15 29 17 41 36
27 40 35 2 19 44 45 6 23 50 4 21 34 28 4 20 4 5 42 1 7 45 38 37 9 28 49 20 34 8 48 26 29 15 1 42 42 39 30 4 37 8 37 18 8 38 0 44 40 45 9 3 19 42 15 24 28 11 35 10 48 11 38 48 14 17 44 15 49 15 4 8 41 34 25 47 8 36 17 1 36 48 28 17 36 8 29 42 22 1 19 10 9 39 38 27 10 37 23 22
37 32 42 31 27 25 26 33 23 46 13 29 39 37 50 12 46 46 3 16 2 7 33 24 46 50 27 27 30 11 34 39 30 48 33 12 17 32 20 12 9 19 23 28 19 17 44 0 34 28 22 36 46 36 41 11 29 14 8 50 37 49 38 30 47 4 1 30 5 23 4 37 39 47 41 29 22 27 22 43 44 43 17 4 35 49 22 16 22 21 13 23 37 26 40 32 9 11 4 45
14 14 49 11 39 30 30 50 17 38 35 30 31 3 13 47 29 11 48 8 16 48 28 46 30 22 27 3 26 27 16 26 2 24 49 37 50 46 39 44 17 8 48 45 47 3 49 20 0 23 31 32 24 31 8 15 32 12 39 48 29 27 44 24 6 11 1 16 33 8 33 35 46 11 31 27 41 19 26 19 8 11 26 7 13 7 41 29 15 2 21 2 35 28 31 1 41 10 42 11
26 21 41 18 27 7 33 8 38 42 20 38 23 16 27 6 2 28 21 4 16 19 29 33 1 2 33 15 1 30 47 18 31 26 31 40 17 21 6 7 25 30 23 36 42 41 2 27 35 0 46 15 40 4 43 37 24 39 1 16 37 21 2 23 30 2 32 26 48 29 30 31 11 1 41 10 10 47 10 19 28 26 1 38 2 34 2 6 22 22 50 40 18 10 9 21 36 45 34 4
25 42 45 35 36 40 1 35 30 15 23 21 16 11 6 32 47 6 35 6 33 30 8 48 30 30 44 44 28 12 13 27 15 14 31 34 46 24 34 18 19 36 41 49 28 46 10 19 28 8 0 24 16 6 25 28 20 19 33 50 3 16 42 37 46 48 28 29 31 19 9 32 16 37 7 15 10 5 45 17 22 31 3 14 13 8 50 34 8 33 14 21 18 49 17 32 24 47 33 43
1 16 26 50 30 23 8 34 14 24 22 21 23 4 14 13 27 30 23 15 11 12 12 45 15 47 11 33 19 16 6 37 9 25 9 30 41 17 42 39 15 37 10 15 27 27 22 18 27 37 3 0 35 34 27 30 31 43 32 48 34 33 10 9 33 10 37 46 17 9 7 15 11 35 42 49 29 3 39 49 45 47 28 13 25 29 31 36 48 12 33 33 50 11 39 11 12 46 31 16
46 17 5 4 43 44 19 6 43 16 41 27 11 16 44 34 46 7 23 33 8 28 2 28 23 39 40 31 14 14 15 37 25 24 31 20 8 21 25 39 36 39 12 34 31 35 12 28 42 36 16 13 0 27 2 27 13 11 13 37 39 30 41 32 19 31 30 34 6 21 4 48 45 42 10 48 31 27 48 3 8 50 46 23 18 29 19 11 10 32 2 5 35 1 4 26 40 19 16 38
37 22 42 33 37 28 45 20 37 15 27 4 31 23 5 13 21 11 32 7 25 13 7 44 36 24 18 5 38 36 6 34 39 20 11 9 26 20 33 43 35 7 42 4 25 44 35 50 50 11 7 47 25 0 12 13 29 42 2 9 9 24 31 33 33 37 13 3 31 21 15 9 9 6 18 43 1 16 29 25 21 22 49 49 20 32 20 18 38 14 8 32 6 28 50 34 5 48 3 3
46 44 18 36 49 46 43 18 4 43 27 4 39 24 47 50 5 28 16 35 26 48 38 35 12 31 15 5 18 19 46 24 2 1 11 41 35 37 41 50 37 34 16 24 15 26 37 15 20 2 39 16 15 20 0 46 37 15 36 15 23 7 31 38 30 16 24 13 34 48 10 32 20 42 13 1 13 12 21 31 31 40 47 40 5 49 25 11 44 27 45 30 49 36 18 17 42 37 22 22
7 36 12 50 33 42 6 35 21 11 46 20 4 11 12 48 14 48 18 23 50 21 24 9 33 23 16 27 40 19 6 39 25 13 3 3 26 39 17 21 23 37 37 16 8 7 18 31 24 22 21 48 47 20 8 0 25 32 40 27 10 27 28 41 45 6 19 34 17 41 39 19 37 20 3 47 48 28 50 48 6 6 38 26 35 18 50 42 4 20 2 30 23 5 43 50 2 31 13 38
27 44 46 40 2 11 34 37 50 26 26 9 37 16 23 47 5 43 16 3 19 32 45 42 13 21 46 20 35 11 25 43 37 49 47 29 14 1 8 44 35 29 32 36 32 45 43 36 38 20 6 15 30 47 48 44 0 12 13 32 15 13 22 42 34 36 50 22 44 30 21 4 20 23 26 40 29 14 9 31 12 4 12 11 23 38 15 22 37 44 40 36 7 22 11 34 17 35 27 22
25 17 10 19 25 40 4 26 35 10 44 6 4 16 18 39 13 48 45 42 35 32 20 37 40 33 41 13 14 30 8 32 25 29 15 38 13 19 9 48 16 38 37 9 10 11 40 18 43 13 46 34 39 42 43 17 46 0 39 45 15 25 36 42 25 46 28 15 50 40 5 7 42 25 3 16 38 16 32 23 44 41 20 43 12 28 32 42 41 35 31 5 36 50 33 37 27 21 44 25
33 30 20 8 46 35 15 14 13 10 27 36 10 46 31 49 16 35 7 2 50 3 15 13 16 47 4 27 42 6 29 19 16 21 45 5 16 38 18 21 4 32 17 1 22 47 4 39 32 14 22 29 18 25 43 36 9 3 0 36 37 14 31 41 11 44 31 45 36 50 49 18 6 2 1 31 18 46 7 43 41 5 36 44 44 2 42 8 19 41 44 12 41 15 34 23 27 29 3 17
33 27 36 47 14 34 32 17 40 12 25 40 20 6 13 17 29 9 18 25 33 22 16 13 40 42 19 28 49 13 50 33 19 20 31 23 7 37 41 41 31 26 5 8 32 11 34 26 42 44 7 34 26 41 10 11 40 39 8 0 38 32 14 25 5 9 13 50 33 6 12 43 1 41 11 2 37 12 48 5 8 23 6 7 30 30 15 26 43 11 38 29 1 37 22 44 45 41 42 1
27 48 29 14 3 8 50 8 25 37 48 16 26 14 49 19 44 30 6 44 18 19 41 50 13 27 39 3 49 17 38 50 1 4 40 36 31 29 43 7 25 12 44 12 5 10 5 48 32 15 17 20 12 33 50 6 50 23 32 22 0 16 32 6 9 6 26 14 14 7 9 5 1 7 5 10 47 37 28 24 16 20 24 1 24 24 8 7 21 28 18 38 11 7 20 34 12 40 45 35
45 26 16 31 5 48 17 38 3 19 29 40 16 44 30 23 32 42 38 1 17 23 43 46 7 9 8 25 42 21 4 22 40 31 15 19 23 17 43 46 17 10 24 49 40 5 5 38 14 41 8 7 16 40 8 18 19 49 2 11 13 0 41 1 16 31 22 29 48 5 49 39 37 32 45 45 14 32 49 31 32 31 35 29 45 11 26 29 43 20 28 3 7 37 1 12 14 40 25 23
2 29 7 9 22 12 3 4 44 37 3 50 45 32 39 27 29 33 7 46 48 26 38 28 25 22 40 38 49 26 32 8 36 15 36 6 26 16 1 2 29 44 39 40 48 45 13 5 15 16 11 17 17 18 26 34 5 11 16 11 8 10 0 41 49 13 25 24 43 41 29 25 3 36 49 8 30 46 43 24 29 41 18 22 6 27 17 49 23 38 34 33 25 39 32 26 46 14 35 15
34 42 12 18 49 23 48 44 44 20 1 47 25 12 9 6 19 24 23 27 43 21 27 2 32 13 6 34 20 11 22 38 42 40 22 37 10 11 8 43 20 32 11 15 23 3 25 25 41 49 27 45 1 4 45 39 33 19 22 14 9 24 22 0 17 20 49 32 43 25 20 50 30 33 49 22 13 18 1 25 45 40 20 50 32 1 28 43 15 30 32 17 29 43 49 13 46 9 28 38
4 42 24 6 47 14 30 29 32 32 13 28 20 28 4 36 4 25 15 16 27 18 16 24 36 37 43 15 3 50 31 29 13 12 21 15 43 49 48 5 13 23 49 46 2 29 12 6 20 13 18 2 32 46 49 27 18 30 13 34 44 21 17 19 0 9 12 37 4 7 36 26 43 22 26 10 30 31 5 11 11 49 36 24 49 39 6 21 24 21 10 32 25 27 42 18 2 33 27 36
48 29 38 21 15 7 4 5 35 30 37 22 49 5 40 24 11 8 1 16 48 6 10 21 6 4 29 29 17 24 4 10 39 21 4 27 21 38 36 10 15 9 23 47 28 36 37 9 4 28 44 41 30 46 8 4 19 31 6 21 44 1 20 17 3 0 22 17 33 33 2 9 14 41 38 7 4 20 36 40 49 36 17 18 43 39 49 1 32 43 41 20 27 17 39 45 4 34 12 20
46 30 7 13 23 14 28 45 35 18 2 11 22 26 43 23 39 29 34 49 28 28 3 38 14 5 46 35 44 42 36 15 41 22 40 34 11 33 15 36 23 17 1 37 1 33 47 47 23 34 7 1 50 32 32 39 6 12 36 26 48 24 41 8 19 14 0 7 16 45 41 36 34 19 6 37 38 36 21 48 20 1 3 20 45 45 7 46 39 41 34 18 45 30 17 27 8 8 8 33
37 44 41 1 5 35 12 33 36 43 2 32 38 8 9 46 23 4 2 16 29 8 43 26 50 15 31 25 23 38 8 46 18 28 16 25 38 28 25 31 27 38 46 7 31 41 1 13 30 17 3 32 49 30 12 29 27 10 43 38 24 49 14 33 28 25 2 0 27 45 31 25 44 21 18 14 45 50 5 48 44 39 32 32 24 14 40 25 49 3 6 31 36 8 4 42 38 20 3 19
14 15 42 31 9 26 41 41 11 9 30 35 19 41 21 3 17 15 13 39 13 28 41 23 6 17 45 5 38 3 49 45 9 34 30 18 3 46 7 49 27 16 25 7 43 37 16 44 31 47 4 11 11 19 47 13 14 25 5 15 40 7 25 29 18 13 10 8 0 18 18 25 4 2 46 12 31 35 6 41 26 16 26 16 16 15 8 26 35 33 16 14 4 9 10 45 49 28 15 33
21 22 5 37 18 43 22 33 14 22 46 24 37 2 19 31 45 30 40 35 23 50 4 46 34 7 28 5 42 29 18 8 50 38 37 10 8 27 42 33 47 26 23 11 37 22 16 29 23 15 3 43 10 26 29 46 18 27 24 43 15 33 4 23 42 23 29 20 10 0 30 42 4 6 1 12 30 2 42 1 6 40 45 31 5 9 1 17 45 8 8 2 3 24 7 40 45 16 5 9
46 40 22 20 43 46 28 35 48 33 17 22 8 38 2 1 13 16 34 11 22 50 11 13 12 22 24 38 43 1 28 16 15 30 44 47 48 42 43 11 18 13 32 39 25 45 18 11 46 2 42 32 18 25 12 33 25 18 32 46 29 12 23 31 15 3 35 4 4 19 0 38 7 48 15 8 15 9 44 33 30 20 25 39 41 50 5 12 49 49 37 28 42 6 4 32 22 45 17 49
12 44 1 50 32 21 43 32 45 50 39 48 11 39 25 23 11 49 9 32 36 36 16 45 48 1 42 6 22 7 24 15 46 43 33 48 15 8 14 18 17 13 13 16 50 3 35 2 48 14 27 11 50 7 33 42 4 26 28 1 38 22 14 3 35 49 18 15 35 31 46 0 36 16 40 31 15 10 14 46 45 50 12 40 11 29 44 50 43 11 12 9 34 37 20 30 5 21 48 28
35 10 45 40 50 21 3 3 31 3 29 30 29 15 39 18 48 44 50 28 4 49 4 17 31 40 32 2 36 20 8 40 45 8 34 36 40 30 28 33 10 34 12 12 22 48 41 31 5 39 10 31 16 5 43 39 32 11 13 44 18 33 25 45 20 45 45 26 18 48 26 17 0 28 41 13 13 4 40 7 48 14 28 42 27 40 42 28 46 20 29 24 49 48 39 44 3 26 50 14
50 24 6 12 37 30 31 25 36 47 37 13 20 8 14 46 14 50 36 9 47 26 9 5 29 1 17 14 3 12 42 50 10 19 20 38 38 17 28 1 11 32 26 44 23 40 30 21 44 27 30 12 8 19 7 30 6 35 31 30 23 25 5 25 49 50 8 16 13 44 32 28 50 0 23 36 13 34 16 5 26 16 10 10 7 44 48 26 15 41 26 23 29 5 30 2 1 19 20 19
22 47 41 9 27 50 10 24 37 21 9 36 16 42 1 29 18 43 49 49 44 23 22 6 37 11 42 21 44 22 12 17 49 2 21 24 47 33 18 50 45 30 29 34 33 6 2 12 36 35 13 29 21 37 2 15 31 48 32 18 23 27 9 44 43 9 29 17 32 20 42 42 44 40 0 44 48 19 2 35 27 13 22 40 19 46 13 17 35 11 4 43 45 9 37 38 7 13 21 33
31 12 1 36 14 24 21 19 27 3 31 33 16 4 29 21 7 34 8 18 37 39 30 7 40 25 45 9 41 34 33 14 30 31 10 46 31 10 17 4 7 31 36 49 35 8 20 32 45 28 31 46 15 1 21 13 15 19 39 16 6 11 45 6 10 8 4 49 40 40 33 46 45 2 35 0 28 17 15 2 47 16 43 37 28 2 35 37 46 11 18 20 27 28 35 30 44 46 5 8
2 32 23 18 28 50 16 25 9 19 24 19 3 18 19 1 48 31 17 37 49 9 39 28 38 46 11 28 28 2 48 29 47 14 43 41 6 22 30 29 43 26 49 32 16 39 6 46 48 7 39 29 25 31 19 36 16 39 48 50 33 6 1 44 9 31 18 48 39 10 20 2 14 50 24 45 0 35 19 45 33 31 16 12 38 20 36 48 32 18 29 27 43 21 33 50 41 13 31 20
28 30 50 31 19 7 34 8 10 4 37 3 22 22 14 50 13 46 20 38 1 50 44 22 49 8 28 43 27 22 16 37 20 17 8 29 7 8 31 3 1 18 41 10 25 23 10 42 31 15 9 14 35 44 12 35 22 18 16 28 3 10 43 20 27 19 4 3 23 27 7 1 42 40 24 43 40 0 50 8 20 36 34 39 47 45 11 30 5 47 29 42 47 30 29 7 18 29 43 6
43 29 36 33 6 35 18 2 12 41 2 39 22 33 12 38 25 44 34 17 31 24 4 45 8 34 4 37 13 10 4 47 20 10 22 41 25 17 6 5 8 40 23 26 28 5 2 29 50 11 29 37 1 26 43 26 35 4 19 34 39 47 18 14 18 32 11 42 24 30 25 28 30 3 40 43 37 6 0 37 18 3 21 36 20 47 39 35 26 23 50 10 18 47 3 41 15 37 38 2
23 27 6 14 46 3 17 24 41 1 31 2 33 44 3 28 16 19 19 17 42 50 19 42 39 17 26 34 4 31 21 36 28 40 27 35 18 4 19 35 2 12 3 13 19 8 41 16 23 11 31 31 20 49 26 18 50 44 3 27 12 38 5 38 24 39 17 5 34 10 33 10 30 11 40 18 46 5 21 0 13 14 12 26 22 34 26 15 45 49 33 13 43 47 33 11 48 15 36 32
13 46 39 26 29 23 48 21 3 2 8 20 29 29 18 10 35 13 49 35 30 20 39 22 46 6 14 18 2 4 43 41 41 49 13 7 11 18 4 25 38 43 17 25 36 47 21 39 36 10 22 24 18 36 5 41 23 31 4 11 6 43 6 26 38 9 6 31 14 8 6 2 18 38 8 26 34 47 24 33 0 13 40 20 29 21 9 21 10 50 38 9 44 24 24 5 10 35 38 24
31 37 35 16 24 35 31 4 34 13 31 18 21 11 25 43 25 45 40 19 43 16 45 46 21 40 7 28 49 6 5 1 41 36 34 6 3 27 34 23 33 25 7 44 33 9 30 42 5 35 11 43 50 38 22 14 15 39 44 45 20 34 36 23 29 37 37 39 5 43 38 2 47 2 42 37 49 40 43 34 9 0 30 46 33 13 47 31 50 27 47 40 37 28 4 12 50 37 11 4
43 34 41 13 49 44 33 2 8 29 33 46 22 6 29 39 19 33 8 6 18 28 24 23 38 40 11 46 3 42 33 37 26 49 33 3 18 5 49 28 4 38 4 28 30 48 21 14 49 5 44 9 22 48 30 25 13 21 3 15 38 48 38 10 5 16 23 44 10 25 45 47 7 3 34 42 10 35 6 8 21 23 0 47 39 46 18 43 29 4 24 13 15 36 18 23 20 29 36 50
48 19 17 42 13 7 14 47 4 37 6 48 26 41 45 46 44 6 38 13 14 1 48 2 46 18 5 16 5 10 3 21 30 32 24 1 24 10 37 45 3 50 12 33 6 25 45 46 3 16 4 35 24 27 2 30 30 36 8 25 41 38 43 46 43 8 11 50 16 26 39 31 41 7 45 11 45 14 31 40 28 20 49 0 2 38 7 30 38 23 6 23 15 10 36 39 47 32 11 7
16 29 49 28 2 13 22 3 34 24 12 43 32 39 24 45 42 10 36 49 22 18 33 23 8 22 13 49 41 26 38 8 21 15 22 37 40 37 40 46 37 1 10 20 16 43 24 8 23 2 36 41 6 19 38 5 43 48 12 32 9 11 5 13 9 26 14 12 43 12 7 2 39 16 12 31 5 43 23 18 23 18 49 4 0 41 5 41 34 1 40 12 33 6 8 25 48 50 37 39
27 28 40 29 28 38 37 11 19 9 37 34 3 24 2 22 4 9 50 10 40 3 21 1 12 22 14 3 27 43 16 21 42 46 1 26 33 49 20 41 41 8 26 3 5 13 5 6 50 24 49 10 48 43 33 15 16 8 28 15 40 36 4 45 6 17 9 6 32 42 10 29 16 28 30 36 10 5 47 26 21 3 4 29 18 0 46 11 8 20 4 26 16 37 47 8 5 32 6 1
30 33 1 32 5 1 19 40 46 27 3 31 6 32 41 17 29 7 25 8 28 39 49 10 18 47 1 28 39 12 8 4 12 34 37 40 34 17 11 33 42 44 49 40 7 7 1 12 18 10 50 48 14 12 27 46 49 10 30 49 18 15 29 16 31 8 11 43 30 14 18 32 12 22 31 30 6 38 45 50 42 25 18 21 28 21 0 33 8 41 19 34 44 12 14 43 1 12 4 19
40 40 27 42 41 17 3 27 22 10 15 41 5 23 29 39 8 7 49 1 26 23 32 21 22 22 42 39 14 4 16 30 21 6 3 17 22 31 50 42 22 36 29 50 18 26 10 6 6 37 32 29 42 10 45 31 8 49 3 29 6 31 22 43 1 19 19 16 27 24 4 26 35 29 11 32 20 32 34 39 24 1 49 37 17 38 45 0 35 44 12 46 25 35 35 3 39 39 9 19
48 9 6 24 31 33 46 48 42 31 41 41 24 40 3 34 21 48 39 45 23 12 5 11 48 31 36 41 10 9 42 19 14 33 47 24 16 50 9 46 18 47 30 11 1 13 27 20 42 32 26 3 38 41 49 23 15 27 16 5 42 43 1 42 36 46 16 49 33 26 48 30 10 36 39 48 18 27 40 33 42 32 49 11 15 3 26 46 0 10 26 35 11 14 15 20 41 26 12 46
38 22 48 16 42 37 48 11 46 19 20 39 40 7 12 47 29 18 10 50 48 9 5 47 47 36 38 20 17 28 10 35 16 22 40 36 25 19 37 27 48 44 6 40 8 13 39 41 18 24 33 16 49 29 29 17 50 40 24 40 10 35 2 1 4 9 4 1 45 18 10 42 35 32 46 12 44 50 20 10 2 26 30 38 38 45 39 24 27 0 37 31 1 14 2 10 2 13 15 22
19 19 25 41 42 26 33 22 46 32 24 28 40 22 32 35 32 44 42 22 46 38 38 43 23 49 1 35 29 46 16 10 15 35 1 10 25 34 11 24 43 38 45 30 46 5 13 40 4 44 5 15 35 8 25 28 16 45 20 38 19 50 42 31 36 15 38 36 49 17 24 25 7 37 41 34 50 25 37 2 24 15 14 28 38 2 27 1 5 48 0 30 3 24 28 10 21 19 42 21
50 32 23 27 49 30 36 50 15 50 22 6 30 44 49 30 3 7 50 11 23 37 21 35 5 37 24 3 37 32 44 45 8 13 27 45 3 40 5 37 50 22 16 5 19 7 17 24 9 42 25 10 45 15 5 7 23 9 49 27 49 4 40 2 40 1 45 32 42 26 38 48 12 50 50 24 49 6 39 24 24 26 46 33 16 40 45 35 13 14 31 0 38 29 19 38 9 14 16 28
8 19 42 27 33 29 24 39 50 10 4 8 21 45 39 44 32 16 37 42 26 31 43 46 22 19 16 8 8 37 49 21 24 38 7 33 13 26 43 36 30 22 48 21 6 27 11 30 26 29 10 29 22 7 28 33 31 16 42 4 32 38 33 7 6 47 12 33 47 40 42 48 8 16 50 11 1 10 1 7 37 37 12 12 48 50 44 42 10 37 33 49 0 30 18 33 25 39 47 26
27 48 49 11 17 32 13 34 26 36 42 36 27 41 18 50 46 46 35 26 18 26 15 34 46 45 30 9 32 37 27 45 20 25 37 20 22 48 14 42 12 50 30 5 43 36 48 1 6 22 19 23 16 35 15 15 40 31 24 31 7 48 28 24 36 30 13 24 17 29 39 45 19 13 23 36 19 24 35 34 49 30 25 18 49 16 15 48 50 33 21 44 30 0 45 49 14 26 2 38
19 1 20 39 28 24 39 40 36 5 16 27 43 42 17 16 41 45 10 39 19 12 22 22 36 37 7 23 18 48 48 26 10 10 13 5 50 31 46 40 38 23 34 42 42 19 16 7 20 30 19 32 43 23 33 14 46 19 47 19 19 30 4 18 33 41 9 2 9 37 43 17 39 15 13 50 4 29 24 28 39 33 24 27 7 50 4 46 35 27 28 40 33 2 0 16 27 8 19 11
32 46 14 42 29 16 31 28 34 9 1 15 36 15 13 32 24 24 50 7 42 15 16 33 32 4 28 6 28 50 17 28 30 20 8 39 31 6 19 43 2 26 39 28 49 5 4 36 36 23 29 8 35 1 14 36 30 40 4 50 18 3 17 42 2 9 27 16 27 24 23 17 41 33 32 28 11 15 15 21 37 20 27 23 33 23 28 5 14 11 26 28 28 3 31 0 19 31 1 16
33 6 30 7 5 28 12 34 4 10 18 2 9 37 50 13 44 22 27 36 21 36 43 16 14 8 9 14 47 28 46 13 50 15 46 39 26 43 37 50 27 7 28 6 26 7 39 18 6 10 38 8 20 27 31 33 7 3 49 42 42 43 15 48 35 46 49 34 36 43 13 15 17 32 26 17 44 28 16 19 34 43 44 2 21 44 19 27 30 4 29 8 31 35 22 29 0 1 24 21
31 48 23 37 3 10 23 40 32 10 7 41 28 2 40 3 41 6 12 10 14 25 29 35 43 22 40 40 35 23 38 33 49 19 2 36 42 43 6 16 22 44 11 16 34 7 32 38 17 33 2 11 10 39 2 20 44 15 25 32 39 47 17 37 6 46 45 24 29 46 21 33 42 46 11 38 9 42 38 28 29 15 38 45 28 25 19 37 11 18 14 20 26 1 50 42 38 0 11 46
48 42 17 20 4 49 43 24 26 37 19 21 23 17 43 26 19 28 23 13 22 22 41 21 25 32 6 17 34 12 47 46 32 47 16 17 42 30 15 12 21 7 49 43 33 13 44 25 41 22 24 18 35 22 35 21 8 36 28 37 46 18 2 32 50 31 8 19 1 8 41 44 20 32 49 23 12 32 30 5 16 48 41 24 27 15 17 46 30 23 29 9 21 4 1 39 29 40 0 40
34 30 25 36 7 44 22 12 28 15 5 44 35 49 42 11 16 12 44 16 34 22 10 10 34 43 4 6 21 34 6 29 19 29 26 9 29 14 16 30 7 9 41 46 27 38 8 29 12 33 17 30 14 25 15 14 30 44 18 27 33 35 28 20 27 6 14 27 43 32 15 20 13 5 15 8 14 1 40 18 4 39 5 50 7 46 5 15 45 36 41 36 46 9 28 42 40 36 10 0
