1
3 1
989 966 
966 927 
941 962 
996 984 
947 945 
910 931 
986 952 
984 957 
934 974 
900 979 
933 991 
934 938 
984 973 
924 956 
953 968 
993 913 
968 938 
906 958 
948 988 
933 907 
945 914 
968 961 
973 965 
999 914 
993 996 
994 972 
928 910 
986 964 
925 980 
918 998 
981 913 
939 911 
928 905 
992 967 
938 980 
901 952 
965 990 
982 924 
921 924 
918 983 
996 960 
947 937 
939 900 
914 960 
906 947 
926 950 
960 919 
958 921 
981 929 
987 980 
927 900 
910 925 
910 935 
991 977 
918 908 
949 968 
932 959 
901 912 
929 954 
987 945 
906 952 
978 938 
911 939 
980 964 
981 979 
970 968 
932 947 
975 959 
904 930 
968 930 
931 981 
998 973 
924 932 
994 921 
919 918 
985 937 
960 919 
909 909 
971 918 
959 988 
980 977 
965 1000 
903 948 
955 988 
929 992 
989 984 
990 910 
931 968 
942 965 
918 914 
905 1000 
915 900 
917 933 
926 1000 
982 937 
996 994 
941 992 
953 996 
911 911 
972 913 
923 977 
942 951 
904 950 
930 983 
995 925 
924 906 
994 944 
963 973 
970 915 
999 903 
967 996 
902 986 
975 902 
976 997 
921 939 
951 922 
978 949 
900 945 
955 946 
993 911 
916 992 
999 919 
962 915 
931 1000 
968 963 
908 956 
903 990 
953 923 
995 908 
920 951 
922 938 
942 902 
947 908 
955 949 
998 916 
976 977 
924 956 
988 951 
908 993 
982 992 
931 931 
949 915 
939 957 
991 948 
951 962 
908 975 
949 993 
994 972 
943 955 
964 978 
964 964 
972 964 
970 976 
975 906 
998 961 
955 940 
1000 933 
942 977 
945 996 
977 909 
945 973 
962 979 
950 934 
995 933 
947 948 
928 926 
944 925 
910 983 
977 913 
905 928 
978 935 
902 985 
989 979 
928 951 
906 953 
949 945 
906 938 
979 942 
978 943 
976 969 
920 951 
952 993 
917 914 
987 909 
966 976 
978 927 
917 911 
991 952 
970 914 
991 959 
906 974 
920 978 
972 914 
997 940 
914 945 
962 990 
980 977 
935 973 
962 950 
941 909 
971 965 
986 920 
979 933 
906 912 
931 939 
921 959 
959 992 
933 928 
979 902 
933 909 
905 932 
950 923 
974 972 
937 951 
944 997 
965 998 
957 954 
914 979 
966 953 
936 993 
972 960 
987 1000 
940 933 
929 900 
972 937 
917 999 
913 939 
936 931 
906 962 
920 902 
941 940 
933 970 
988 972 
982 925 
910 975 
951 999 
999 958 
941 965 
995 965 
953 942 
914 920 
971 941 
996 914 
911 903 
978 917 
923 940 
918 963 
953 937 
933 909 
957 999 
949 953 
917 947 
901 988 
958 954 
945 939 
941 956 
943 998 
968 906 
921 964 
974 927 
934 928 
982 947 
956 961 
948 947 
968 940 
970 916 
912 960 
904 947 
934 956 
986 925 
982 971 
977 972 
971 908 
977 916 
1000 907 
916 920 
999 915 
928 936 
964 970 
905 997 
991 912 
920 926 
913 979 
993 953 
951 973 
967 909 
976 922 
943 968 
944 1000 
967 913 
908 928 
994 911 
927 980 
917 948 
938 936 
955 944 
976 973 
927 906 
984 929 
900 902 
940 922 
913 930 
984 963 
912 935 
953 932 
995 910 
945 992 
996 945 
933 932 
934 970 
908 917 
928 909 
962 956 
937 993 
984 993 
911 908 
923 952 
981 962 
990 986 
940 927 
922 927 
994 986 
925 929 
938 949 
984 918 
914 921 
967 988 
942 972 
900 951 
950 943 
979 909 
969 924 
994 966 
930 928 
950 990 
915 971 
947 912 
953 987 
979 943 
976 914 
992 921 
997 906 
907 960 
980 959 
945 901 
925 914 
982 916 
903 909 
999 967 
985 987 
902 935 
934 925 
989 941 
912 961 
907 903 
960 945 
951 927 
914 974 
963 997 
905 947 
991 986 
985 949 
962 935 
904 942 
956 969 
971 967 
921 995 
913 932 
902 911 
941 906 
969 923 
978 901 
932 983 
983 910 
943 976 
995 999 
928 928 
900 980 
924 907 
964 935 
927 984 
965 904 
909 973 
903 909 
973 900 
986 962 
998 975 
941 977 
942 973 
904 980 
997 1000 
944 946 
946 1000 
932 980 
980 912 
904 939 
924 900 
970 995 
976 991 
924 952 
996 902 
974 901 
946 976 
966 971 
950 958 
925 976 
912 995 
951 984 
932 929 
979 900 
941 976 
951 904 
955 934 
933 913 
918 902 
987 929 
973 984 
926 948 
985 950 
908 922 
972 915 
940 956 
943 911 
996 941 
941 964 
941 975 
967 956 
929 915 
902 982 
977 907 
995 939 
904 965 
929 904 
971 925 
957 965 
934 955 
994 930 
945 906 
996 980 
937 959 
972 1000 
907 976 
951 962 
907 903 
952 996 
903 907 
983 951 
942 921 
981 926 
995 987 
978 955 
906 912 
914 997 
968 934 
912 932 
991 971 
919 969 
964 993 
937 958 
973 939 
915 982 
925 987 
973 939 
901 914 
996 914 
906 980 
926 901 
988 961 
989 933 
985 902 
938 964 
950 928 
910 990 
966 986 
952 995 
929 940 
930 951 
930 936 
955 945 
946 955 
909 988 
956 974 
903 924 
900 927 
944 969 
965 940 
904 1000 
901 946 
997 991 
962 906 
920 939 
976 934 
934 982 
909 919 
927 914 
954 917 
977 954 
942 997 
941 981 
906 963 
945 993 
971 981 
969 903 
914 951 
926 998 
994 967 
934 900 
964 933 
993 911 
909 915 
990 929 
997 978 
994 964 
957 959 
968 998 
951 934 
960 973 
987 938 
1000 906 
901 966 
998 994 
926 978 
908 919 
905 927 
956 995 
910 944 
907 954 
935 956 
954 931 
920 903 
921 963 
906 967 
987 908 
987 993 
985 970 
989 921 
991 967 
983 955 
941 950 
970 915 
936 939 
968 996 
916 924 
921 914 
961 911 
986 911 
901 953 
913 941 
914 967 
904 978 
999 932 
992 943 
975 952 
973 995 
968 918 
936 972 
906 964 
994 987 
948 998 
914 916 
973 907 
919 939 
924 951 
970 916 
960 910 
977 913 
969 932 
915 996 
997 986 
979 995 
1000 943 
925 919 
907 982 
985 945 
913 988 
920 981 
973 982 
969 984 
934 997 
966 989 
914 956 
955 946 
953 919 
909 950 
935 928 
962 968 
967 953 
900 987 
956 950 
929 945 
937 962 
982 953 
946 986 
962 946 
982 909 
975 995 
913 918 
933 971 
902 930 
983 968 
981 950 
949 900 
906 936 
985 981 
974 948 
979 953 
963 904 
903 900 
932 975 
988 974 
956 938 
913 957 
955 921 
939 918 
995 959 
921 950 
922 990 
968 927 
978 977 
914 952 
945 939 
988 925 
960 997 
902 977 
939 945 
933 988 
993 987 
954 982 
1000 952 
975 975 
956 991 
993 948 
988 998 
915 915 
914 928 
971 965 
959 917 
943 923 
909 919 
918 930 
946 986 
911 966 
967 966 
980 972 
932 986 
979 919 
984 993 
904 975 
904 926 
969 940 
918 903 
951 932 
946 946 
982 961 
904 933 
994 970 
911 901 
990 966 
955 986 
979 976 
958 997 
997 984 
906 913 
901 911 
948 907 
965 943 
968 987 
986 985 
900 919 
975 928 
959 917 
926 935 
906 900 
978 908 
982 962 
935 921 
902 934 
967 902 
976 960 
951 999 
980 928 
939 941 
923 991 
926 954 
922 959 
935 943 
929 935 
919 900 
995 999 
901 966 
924 955 
915 956 
931 980 
975 924 
944 913 
998 935 
957 980 
904 957 
907 939 
910 931 
957 979 
937 985 
913 969 
962 927 
907 938 
947 942 
981 983 
970 921 
909 964 
957 987 
983 941 
911 993 
948 953 
903 938 
958 903 
949 990 
919 926 
917 929 
980 988 
968 943 
980 921 
999 993 
954 906 
934 998 
986 946 
990 919 
906 909 
945 944 
911 910 
932 952 
910 917 
949 915 
985 991 
988 987 
963 915 
917 978 
930 937 
977 944 
968 954 
909 931 
951 971 
914 903 
926 903 
975 994 
953 966 
964 991 
905 948 
990 980 
905 942 
917 979 
930 908 
994 991 
904 938 
902 997 
978 904 
967 911 
941 927 
928 937 
971 985 
995 993 
906 940 
953 928 
901 990 
970 958 
923 949 
900 965 
995 904 
958 950 
989 938 
990 968 
984 999 
994 991 
929 949 
946 916 
920 950 
908 938 
932 995 
953 951 
990 969 
919 937 
979 932 
971 913 
988 954 
1000 957 
979 956 
964 932 
993 994 
998 994 
923 957 
943 957 
994 982 
900 981 
905 904 
974 903 
929 900 
902 912 
939 969 
922 987 
999 943 
908 973 
918 926 
979 926 
921 962 
917 929 
932 954 
967 937 
949 939 
960 913 
926 911 
926 954 
998 915 
987 952 
912 909 
946 944 
944 950 
967 909 
983 979 
956 916 
914 948 
908 980 
911 993 
956 921 
936 997 
978 961 
936 993 
950 949 
905 945 
925 956 
962 921 
906 994 
989 912 
903 970 
902 917 
904 965 
981 950 
932 946 
902 912 
941 994 
949 904 
930 960 
945 956 
900 977 
987 941 
945 963 
947 994 
963 906 
924 936 
990 976 
984 965 
923 981 
980 963 
961 970 
913 984 
973 930 
926 947 
974 965 
917 964 
954 901 
977 924 
989 924 
975 920 
924 916 
999 996 
966 949 
996 915 
958 929 
900 945 
957 948 
952 994 
918 948 
981 926 
929 962 
970 935 
901 924 
956 953 
918 948 
941 918 
949 901 
990 925 
997 967 
939 992 
994 991 
923 924 
941 949 
956 977 
939 960 
980 930 
954 916 
969 992 
961 926 
934 947 
915 901 
913 971 
911 939 
968 967 
908 982 
977 933 
968 917 
908 972 
988 900 
980 986 
972 922 
966 984 
917 985 
938 913 
969 925 
919 936 
940 933 
944 914 
989 997 
907 957 
929 997 
959 965 
987 971 
956 943 
952 999 
952 938 
920 931 
936 990 
936 989 
979 966 
962 935 
911 959 
935 947 
987 931 
998 983 
936 917 
966 937 
999 982 
964 948 
962 914 
968 915 
909 931 
959 970 
945 911 
907 943 
901 962 
988 990 
919 986 
900 959 
906 930 
901 921 
981 999 
974 918 
908 972 
976 914 
997 949 
974 911 
904 900 
904 963 
942 904 
993 930 
978 968 
981 912 
940 907 
909 910 
980 908 
919 921 
920 947 
901 995 
949 971 
928 913 
956 952 
954 989 
917 997 
937 975 
929 910 
930 995 
920 995 
983 980 
953 999 
991 973 
917 960 
987 916 
950 919 
910 987 
954 904 
991 906 
954 976 
986 980 
938 999 
951 901 
916 920 
952 918 
935 970 
956 955 
938 944 
937 976 
976 969 
995 955 
991 974 
961 951 
970 922 
991 925 
948 936 
938 981 
990 907 
904 944 
965 974 
918 902 
