8
4 180
0 62 2 35
6 0 12 3
31 11 0 2
73 3 2 0
40 72 21 15
29 099 1 212
2 12 80 5
75 2 5 0
3 1
0 1 2
1 0 2
2 2 0
0 0 1
0 0 0
1 0 0
3 5
0 0 0
0 0 0
0 0 0
0 5 4
5 0 6
4 6 0
3 3
3 4 5
4 6 7
2 3 4
2 3 4
2 1 2
2 3 3
3 30
3 4 5
4 6 7
2 3 4
2 3 4
2 1 2
2 3 3
4 10       
0 1 9 11 
1 0 7 11 
9 7 0 2 
11 11 2 0 
1 0 100 1 
100 0 1000 1 
1 1 0 1 
1 1 1 0
4 10       
0 1 9 11 
1 0 7 11 
9 7 0 2 
11 11 2 0 
1 0 100 1 
100 0 1000 1 
1 1 0 1 
1 1 1 0
4 10       
0 1 9 11 
1 0 7 11 
9 7 0 2 
11 11 2 0 
0 1 100 1 
100 0 1000 1 
1 1 0 1 
1 1 1 0