1
10 100
25 26 27 26 11 17 28 12 25 10 
20 27 7 3 14 10 23 20 30 29 
24 0 30 16 18 26 13 11 29 12 
27 7 29 5 24 10 23 30 17 28 
10 26 3 15 14 29 4 2 11 5 
0 29 19 29 19 21 5 2 30 0 
7 24 15 27 23 25 24 7 30 9 
2 26 1 4 25 28 27 24 0 20 
10 6 20 11 29 21 17 14 0 0 
27 23 21 24 5 6 8 5 21 29 
13 11 17 25 16 4 8 1 16 7 
9 20 11 5 29 19 27 14 16 17 
28 18 10 10 30 28 10 14 26 27 
0 25 4 4 28 27 5 20 20 19 
5 24 12 15 8 17 22 21 23 5 
23 17 7 4 0 8 4 22 1 23 
2 28 10 28 19 11 25 20 16 28 
19 25 28 2 22 22 10 21 2 11 
13 11 8 22 28 29 27 30 23 10 
4 24 25 26 18 24 22 22 16 13 