14
3 3
012
ABC
36794
71163
62594
3 3
012
ABC
79992
25227
25916
3 4
012
ABCD
68144
49394
14622
84797
3 4
012
ABCD
93175
15005
39558
25169
3 5
012
ABCDE
73796
54747
51118
75677
92339
3 5
012
ABCDE
25976
67321
56730
65100
96237
3 6
012
ABCDEF
48852
23626
41391
88117
33394
68505
3 6
012
ABCDEF
49609
70188
39669
12203
50181
64896
4 4
0123
ABCD
32889
98881
54630
42587
4 4
0123
ABCD
68437
8935
61631
88143
4 5
0123
ABCDE
45562
31696
95959
12350
56413
4 5
0123
ABCDE
32140
35328
7080
98242
41744
4 6
0123
ABCDEF
21703
2464
48101
31405
34051
79150
4 6
0123
ABCDEF
82903
70690
58500
3908
86817
36669
