100000
-16808 75250
43659 8931
-27545 -50879
-37710 64441
-84493 -43043
-22504 82328
-78841 -42613
-33170 17710
-29561 -70934
-80279 -51817
99098 7827
-29268 23811
-80980 -79150
58822 11968
-1394 19337
-91746 -25229
-40195 86358
21154 16709
15669 71491
-2197 -9531
-27723 54667
-18025 97802
40978 47409
-74934 60299
-28636 8014
89815 39064
-39426 -1670
-20095 75630
-46518 34196
10405 -19452
-82189 21124
46883 -6753
36717 -30338
-53145 51502
-83872 55829
-19359 53178
-22295 77905
-46232 -59746
53636 -66299
80400 27969
261 -73558
88009 16396
19114 -4531
-10963 97943
-42083 -79853
33822 85696
73672 -59902
-24832 14739
31617 19791
10680 -37336
-97973 -36099
-75320 -83455
-12290 56761
86127 -36124
45814 -76771
29095 96221
12367 -40535
15395 -41364
7845 -59591
-45160 -8624
97386 7218
-55540 99248
-13497 -94886
82421 28145
-35736 99916
-63535 -46043
54680 24153
77296 78819
-87693 -1816
-40034 22670
-89554 10548
-21211 -29663
-33809 73378
626 37336
-77996 -2777
-97440 -29875
40557 56302
561 20095
-13756 -39790
-28016 30194
-15681 -3456
67507 -70964
-86677 63109
2332 -77845
-60809 -39998
-54850 -45204
-96532 -98015
36776 42010
87930 -95224
-88261 76738
47318 37526
-34257 21565
6649 -37705
25151 41977
38555 82798
-48382 34749
-59379 47700
-25130 -78554
-50448 64608
45323 64306
