1
50 80
FE=4"WlQ_}hxd8pZAYGIRJBkgmPNi)H0ObCS;1#y/jsr$eTD>t
mo>0\&{-Se6xtc^94uI7pW!dK$JyHgn8X.E53ABf(V_|;<:N2`h%=ijak?Y1zLGTUlqr/)O@bCD}MPQZ
79291
93582
38782
18458
51741
28981
76457
3941
62057
75222
98903
56660
79423
8134
16001
11598
3871
15258
39163
62338
73527
22674
1538
85428
4280
62426
4661
39251
25033
6323
2130
4324
99906
40912
22783
51647
69894
99240
55589
31951
74463
54492
88612
53886
62627
4613
65485
66498
19872
4648
28837
93400
27322
30376
78829
31603
92803
83490
70855
17836
89813
72985
22161
89720
13898
44944
41368
83792
44184
96957
15744
18648
51450
4356
72534
14077
8970
38019
80576
28842
2 80
FE
mo>0\&{-Se6xtc^94uI7pW!dK$JyHgn8X.E53ABf(V_|;<:N2`h%=ijak?Y1zLGTUlqr/)O@bCD}MPQZ
88965
75219
40218
80689
18340
43506
53159
78458
35768
15232
68013
36625
85470
9403
39568
93569
85331
74761
73669
53007
48721
43693
26189
88975
67108
63006
9555
95973
33641
73528
6004
22607
48748
46223
3296
67088
89729
56456
45547
25498
71688
13561
62123
57159
22965
1691
50728
8296
76453
24398
61304
25174
68091
87494
14150
35200
50501
23705
31173
84143
97234
37177
6750
45982
83401
10047
13071
73130
66503
58619
98628
38191
72181
60752
95351
95146
62444
46079
3443
38897
2 5
01
ABCDE
90772
73594
97450
48950
89138
3 4
012
ABCD
68144
49394
14622
84797
3 4
012
ABCD
93175
15005
39558
25169
3 5
012
ABCDE
73796
54747
51118
75677
92339
3 5
012
ABCDE
25976
67321
56730
65100
96237
3 6
012
ABCDEF
48852
23626
41391
88117
33394
68505
3 6
012
ABCDEF
49609
70188
39669
12203
50181
64896
4 5
0123
ABCDE
45562
31696
95959
12350
56413
4 5
0123
ABCDE
32140
35328
7080
98242
41744
4 6
0123
ABCDEF
21703
2464
48101
31405
34051
79150
4 6
0123
ABCDEF
82903
70690
58500
3908
86817
36669
